#{"t_start": 1649812311.3624942, "env_id": "PandaReach-v2"}
r,l,t,is_success
-49.715155,50,1.427272,0.0
-45.667039,50,2.345038,0.0
-57.977243,50,3.23526,0.0
-45.008686,50,4.14009,0.0
-39.466105,50,5.223075,0.0
-56.480483,50,6.128153,0.0
-45.270376,50,7.037074,0.0
-40.501179,50,8.229099,0.0
-42.400322,50,9.354553,0.0
-42.407497,50,10.245287,0.0
-42.049025,50,16.781107,0.0
-46.043694,50,17.866491,0.0
-53.046173,50,18.775389,0.0
-53.265356,50,19.923213,0.0
-41.182086,50,21.144884,0.0
-39.402726,50,22.347238,0.0
-42.529134,50,23.220281,0.0
-36.895114,50,24.100878,0.0
-46.139211,50,25.178461,0.0
-38.29743,50,26.341714,0.0
-51.145249,50,33.199075,0.0
-34.821795,50,34.041474,0.0
-16.148519,50,35.238159,0.0
-39.128185,50,36.063879,0.0
-34.385523,50,36.930439,0.0
-34.921089,50,38.812851,0.0
-43.172391,50,39.659708,0.0
-35.98529,50,40.499873,0.0
-36.048364,50,41.805894,0.0
-27.977064,50,42.679113,0.0
-38.663974,50,49.157764,0.0
-31.92762,50,50.276701,0.0
-28.354436,50,51.150532,0.0
-27.719895,50,52.000693,0.0
-44.937385,50,52.901109,0.0
-48.912158,50,53.776666,0.0
-39.718188,50,55.008276,0.0
-40.855812,50,56.157376,0.0
-25.982522,50,57.040623,0.0
-40.577438,50,58.128642,0.0
-35.767002,50,64.73462,0.0
-40.212282,50,65.58801,0.0
-31.47703,50,66.443045,0.0
-31.988946,50,67.615189,0.0
-25.907239,50,68.480628,0.0
-31.915283,50,69.560825,0.0
-31.66303,50,70.412284,0.0
-20.184902,50,71.300304,0.0
-43.532132,50,72.160781,0.0
-44.601635,50,73.341733,0.0
-39.48181,50,75.671134,0.0
-35.218581,50,82.607533,0.0
-20.629871,50,83.830055,0.0
-35.356827,50,84.725924,0.0
-39.698975,50,85.841547,0.0
-33.30094,50,86.771037,0.0
-39.005759,50,87.675162,0.0
-18.898689,50,88.8926,0.0
-45.037881,50,89.795766,0.0
-29.127686,50,90.667562,0.0
-29.6721,50,91.532257,0.0
-32.892038,50,98.226281,0.0
-14.071275,50,99.478064,0.0
-26.850149,50,100.386278,0.0
-28.998944,50,101.241286,0.0
-24.880604,50,102.258417,0.0
-14.831973,50,103.184682,0.0
-37.803472,50,104.109547,0.0
-27.125084,50,105.21277,0.0
-14.456947,50,106.566804,0.0
-32.776072,50,107.737787,0.0
-26.961215,50,114.68449,0.0
-21.339332,50,116.178813,0.0
-36.69511,50,117.128106,0.0
-26.660523,50,118.112081,0.0
-47.539901,50,120.247236,0.0
-44.275516,50,121.162924,0.0
-28.814332,50,122.247984,0.0
-22.076321,50,123.143544,0.0
-28.575256,50,124.036268,0.0
-29.538839,50,124.964009,0.0
-28.349297,50,132.182844,0.0
-32.614199,50,133.085791,0.0
-35.788904,50,134.43432,0.0
-43.616998,50,135.301041,0.0
-33.724961,50,136.554068,0.0
-24.03801,50,137.438087,0.0
-39.632718,50,138.30244,0.0
-34.752944,50,139.202907,0.0
-32.858764,50,140.133455,0.0
-32.184416,50,141.061807,0.0
-41.268785,50,142.672339,0.0
-29.973151,50,149.366401,0.0
-29.565294,50,150.229752,0.0
-32.733987,50,151.432538,0.0
-30.518539,50,152.306018,0.0
-26.554711,50,153.586328,0.0
-27.497062,50,154.703441,0.0
-27.381091,50,155.656646,0.0
-34.628225,50,156.579183,0.0
-35.050818,50,158.252219,0.0
-31.48036,50,159.190326,0.0
-35.384401,50,165.848821,0.0
-21.067861,50,167.194037,0.0
-31.924998,50,168.102201,0.0
-42.221259,50,169.195916,0.0
-24.723799,50,170.502076,0.0
-42.841197,50,171.690122,0.0
-31.122051,50,172.607835,0.0
-26.435798,50,173.524106,0.0
-27.877537,50,174.416163,0.0
-28.421066,50,175.347858,0.0
-28.501064,50,182.306854,0.0
-15.334562,50,184.170615,0.0
-17.885189,50,185.165419,0.0
-35.301268,50,186.112626,0.0
-32.494651,50,187.032247,0.0
-25.378352,50,188.225746,0.0
-18.409177,50,189.15694,0.0
-29.041974,50,190.012352,0.0
-30.594119,50,190.908537,0.0
-20.540789,50,192.123484,0.0
-32.48436,50,199.082928,0.0
-25.376568,50,200.188683,0.0
-23.259345,50,201.106335,0.0
-37.442695,50,202.978279,0.0
-46.712762,50,203.918265,0.0
-32.23071,50,204.867198,0.0
-28.179794,50,206.043762,0.0
-23.838061,50,207.732765,0.0
-18.701328,50,208.911625,0.0
-28.704503,50,209.771963,0.0
-28.79756,50,210.666925,0.0
-23.810251,50,217.09392,0.0
-22.076776,50,217.992465,0.0
-35.744232,50,218.942456,0.0
-22.419646,50,220.396409,0.0
-16.603431,50,221.335766,0.0
-29.876141,50,222.286307,0.0
-24.967896,50,223.502191,0.0
-29.480438,50,224.483198,0.0
-15.659201,50,225.701631,0.0
-31.611429,50,226.679678,0.0
-26.162819,50,233.553852,0.0
-25.239673,50,234.46497,0.0
-39.788235,50,235.46428,0.0
-38.719318,50,236.372243,0.0
-29.90676,50,237.359537,0.0
-22.352803,50,238.295414,0.0
-37.538855,50,239.180029,0.0
-34.386399,50,240.859083,0.0
-31.624232,50,241.759111,0.0
-19.455217,50,242.716079,0.0
-31.099424,50,249.316049,0.0
-11.615095,50,250.427724,0.0
-34.851403,50,251.407379,0.0
-20.198546,50,252.852432,0.0
-26.571266,50,253.769488,0.0
-38.339719,50,254.743652,0.0
-21.771414,50,255.698186,0.0
-13.290601,50,256.935487,0.0
-16.880119,50,258.086232,0.0
-37.417247,50,258.976713,0.0
-33.511337,50,265.769111,0.0
-25.27377,50,266.700455,0.0
-25.11892,50,267.605319,0.0
-34.396648,50,268.514149,0.0
-21.315747,50,269.40169,0.0
-36.446745,50,270.342478,0.0
-16.856091,50,271.490068,0.0
-30.959515,50,272.428456,0.0
-37.495757,50,273.333937,0.0
-29.58792,50,274.674803,0.0
-24.585838,50,275.605525,0.0
-35.41977,50,282.282569,0.0
-19.884669,50,284.333982,0.0
-15.251102,50,285.315307,0.0
-34.091368,50,286.229851,0.0
-30.557216,50,287.366505,0.0
-19.372293,50,288.268922,0.0
-21.106211,50,289.457361,0.0
-24.796545,50,290.374645,0.0
-34.789614,50,291.325986,0.0
-35.08258,50,292.253148,0.0
-33.811434,50,298.893903,0.0
-32.342567,50,299.820475,0.0
-23.049452,50,300.716394,0.0
-42.700417,50,301.885639,0.0
-21.404915,50,302.810323,0.0
-26.216466,50,303.942886,0.0
-18.394854,50,304.840728,0.0
-23.306337,50,305.743659,0.0
-23.425637,50,306.685543,0.0
-26.591613,50,307.626272,0.0
-19.632016,50,314.714518,0.0
-39.842422,50,315.748334,0.0
-21.087248,50,316.695187,0.0
-31.463324,50,317.617245,0.0
-23.765666,50,318.549247,0.0
-8.832347,50,319.966031,0.0
-19.006916,50,321.848659,0.0
-20.953856,50,322.805134,0.0
-33.694592,50,324.201374,0.0
-23.504883,50,325.17783,0.0
-23.084408,50,331.901446,0.0
-27.863834,50,332.942761,0.0
-20.21671,50,333.906278,0.0
-17.98117,50,334.872934,0.0
-17.263072,50,335.762576,0.0
-18.469767,50,336.696119,0.0
-24.779894,50,337.606471,0.0
-16.181427,50,338.574015,0.0
-18.953425,50,339.542204,0.0
-35.21755,50,340.507087,0.0
-20.437917,50,341.763162,0.0
-14.553568,50,349.020967,0.0
-19.48653,50,350.021817,0.0
-24.424497,50,350.98684,0.0
-25.251126,50,352.408389,0.0
-28.922842,50,353.573072,0.0
-18.603909,50,354.50532,0.0
-23.366877,50,355.686282,0.0
-27.884821,50,356.612429,0.0
-20.381603,50,357.608845,0.0
-36.836234,50,358.550042,0.0
-15.912353,50,366.503042,0.0
-31.774374,50,367.65163,0.0
-19.675159,50,368.815534,0.0
-18.715072,50,370.231133,0.0
-27.574034,50,371.445246,0.0
-35.406514,50,372.471378,0.0
-29.458069,50,373.80293,0.0
-19.916601,50,374.702988,0.0
-41.193074,50,375.668173,0.0
-20.323371,50,377.138235,0.0
-25.942528,50,383.806398,0.0
-20.682721,50,384.787446,0.0
-32.731899,50,385.766221,0.0
-18.13255,50,387.078374,0.0
-16.437006,50,388.152475,0.0
-44.32033,50,389.131934,0.0
-40.30334,50,390.015188,0.0
-13.169179,50,391.271131,0.0
-30.09325,50,392.481625,0.0
-16.975676,50,393.402662,0.0
-23.249092,50,400.127335,0.0
-13.739277,50,401.32926,0.0
-35.324732,50,402.469191,0.0
-19.314893,50,403.442324,0.0
-19.222821,50,404.544505,0.0
-19.124037,50,406.329449,0.0
-15.274434,50,407.580271,0.0
-29.032743,50,408.707985,0.0
-20.842021,50,409.690316,0.0
-16.720451,50,410.648397,0.0
-18.277397,50,411.896937,0.0
-21.434346,50,418.908119,0.0
-32.74471,50,419.892622,0.0
-17.996269,50,421.17318,0.0
-20.751386,50,422.110298,0.0
-27.094913,50,423.685512,0.0
-13.750376,50,424.706239,0.0
-31.113713,50,425.868079,0.0
-16.72627,50,426.833591,0.0
-23.675326,50,427.849473,0.0
-24.968315,50,429.195123,0.0
-16.563166,50,436.368592,0.0
-16.307178,50,437.396278,0.0
-23.478731,50,438.297082,0.0
-20.003906,50,439.753789,0.0
-37.42555,50,440.734556,0.0
-22.170025,50,441.717794,0.0
-32.374005,50,442.726588,0.0
-16.690285,50,443.721198,0.0
-26.134834,50,444.721133,0.0
-21.25007,50,447.01313,0.0
-18.879536,50,453.592914,0.0
-34.546475,50,454.891541,0.0
-10.278309,50,455.973372,0.0
-21.42135,50,457.196777,0.0
-21.634387,50,458.138668,0.0
-21.292535,50,459.138915,0.0
-18.475307,50,460.396389,0.0
-34.261653,50,461.707663,0.0
-19.435717,50,462.649939,0.0
-26.59028,50,463.722357,0.0
-14.73613,50,470.382476,0.0
-16.088245,50,471.368817,0.0
-19.654504,50,472.720668,0.0
-19.223305,50,473.674378,0.0
-12.337174,50,474.702559,0.0
-14.212459,50,475.962842,0.0
-33.604872,50,477.106252,0.0
-18.127255,50,478.312834,0.0
-18.383847,50,479.464373,0.0
-33.511376,50,480.745599,0.0
-15.864981,50,487.439517,0.0
-20.409965,50,488.735828,0.0
-14.531019,50,489.735416,0.0
-16.945216,50,490.672279,0.0
-23.191381,50,492.625379,0.0
-22.335095,50,493.630034,0.0
-18.513386,50,494.550763,0.0
-17.832645,50,495.534374,0.0
-17.815272,50,496.535254,0.0
-18.754107,50,497.513564,0.0
-21.516083,50,498.566509,0.0
-40.085342,50,505.222769,0.0
-42.684175,50,506.185691,0.0
-20.93247,50,507.206896,0.0
-14.587116,50,508.419856,0.0
-18.514754,50,509.443416,0.0
-26.447266,50,510.708099,0.0
-25.054494,50,511.650369,0.0
-19.912485,50,512.617537,0.0
-31.154352,50,514.052681,0.0
-16.26091,50,515.03645,0.0
-14.236405,50,522.007261,0.0
-9.872898,50,522.950474,0.0
-19.237994,50,524.134539,0.0
-14.707557,50,525.377412,0.0
-12.704694,50,526.345048,0.0
-32.849007,50,527.592695,0.0
-14.345202,50,528.742685,0.0
-15.481618,50,529.707771,0.0
-36.674323,50,531.657249,0.0
-20.317046,50,532.666635,0.0
-18.360341,50,539.373248,0.0
-17.246502,50,540.432014,0.0
-15.326973,50,541.476337,0.0
-21.714448,50,542.433899,0.0
-17.07341,50,543.445848,0.0
-15.546745,50,544.432302,0.0
-14.839356,50,545.38805,0.0
-16.72929,50,546.35216,0.0
-11.61966,50,547.393399,0.0
-15.386771,50,548.412229,0.0
-18.789465,50,555.621458,0.0
-18.988138,50,556.913908,0.0
-11.110799,50,557.853888,0.0
-39.894732,50,558.773076,0.0
-20.742133,50,560.040112,0.0
-18.657399,50,561.05968,0.0
-20.330645,50,562.283404,0.0
-19.399334,50,563.210835,0.0
-30.989045,50,564.240753,0.0
-18.90732,50,565.337255,0.0
-27.801942,50,566.289159,0.0
-21.612208,50,573.042641,0.0
-17.961896,50,573.959068,0.0
-17.771241,50,575.651078,0.0
-18.183469,50,576.742516,0.0
-18.584534,50,577.907302,0.0
-18.658896,50,578.914176,0.0
-28.223256,50,579.868047,0.0
-15.96467,50,580.859655,0.0
-11.280786,50,581.833137,0.0
-16.960823,50,582.83385,0.0
-12.912326,50,589.532554,0.0
-16.408796,50,590.527349,0.0
-11.516596,50,591.708606,0.0
-37.776295,50,593.011066,0.0
-13.029519,50,594.236842,0.0
-21.218149,50,595.196105,0.0
-16.65306,50,596.19231,0.0
-21.449491,50,597.200892,0.0
-21.007523,50,598.351238,0.0
-15.613286,50,599.321303,0.0
-9.017214,50,606.258949,0.0
-14.73637,50,607.210758,0.0
-35.596253,50,608.205,0.0
-19.383684,50,609.705268,0.0
-34.860249,50,610.632774,0.0
-13.792735,50,611.891763,0.0
-15.77636,50,613.038219,0.0
-14.818806,50,614.796386,0.0
-15.396569,50,615.76158,0.0
-19.957651,50,617.008186,0.0
-13.151333,50,623.671442,0.0
-18.942465,50,624.691341,0.0
-20.373283,50,625.6513,0.0
-36.412019,50,626.870656,0.0
-18.928845,50,628.247713,0.0
-41.705668,50,629.214448,0.0
-16.422203,50,630.133263,0.0
-10.633535,50,631.206883,0.0
-15.235571,50,632.208821,0.0
-34.985548,50,633.292052,0.0
-20.495591,50,634.502723,0.0
-18.688533,50,641.260561,0.0
-14.770787,50,642.209688,0.0
-31.926775,50,643.200431,0.0
-41.228361,50,644.413356,0.0
-18.381737,50,645.375749,0.0
-30.417122,50,646.605647,0.0
-15.448734,50,647.574624,0.0
-29.751376,50,648.507464,0.0
-14.138171,50,649.70959,0.0
-14.623667,50,650.894622,0.0
-32.69363,50,657.975799,0.0
-21.268642,50,659.785594,0.0
-19.144776,50,660.766207,0.0
-15.575626,50,662.288724,0.0
-13.178146,50,663.288264,0.0
-32.656593,50,664.220797,0.0
-25.650921,50,665.152115,0.0
-28.926006,50,666.083174,0.0
-15.339259,50,667.061859,0.0
-26.251394,50,668.645734,0.0
-16.720382,50,675.436172,0.0
-15.185898,50,676.417278,0.0
-13.14964,50,677.43492,0.0
-15.562511,50,678.68375,0.0
-14.919926,50,679.823733,0.0
-25.054795,50,680.782454,0.0
-18.686094,50,681.904834,0.0
-18.682589,50,682.911473,0.0
-42.005473,50,683.878261,0.0
-19.398843,50,685.084778,0.0
-20.557793,50,691.765095,0.0
-13.767866,50,692.708972,0.0
-14.205334,50,693.61893,0.0
-19.821189,50,694.65742,0.0
-18.708499,50,695.63425,0.0
-18.907167,50,696.599255,0.0
-17.725656,50,698.391459,0.0
-13.822337,50,699.79558,0.0
-25.773047,50,701.036067,0.0
-18.979913,50,702.001695,0.0
-34.40638,50,703.340903,0.0
-15.298538,50,710.04055,0.0
-15.825404,50,711.558841,0.0
-26.779396,50,712.557115,0.0
-13.283153,50,713.97426,0.0
-16.477772,50,715.38277,0.0
-13.932174,50,716.431396,0.0
-33.89786,50,717.427857,0.0
-8.136193,50,718.915095,0.0
-24.675246,50,720.167895,0.0
-14.447077,50,721.162567,0.0
-31.556828,50,727.835713,0.0
-13.565806,50,728.827166,0.0
-17.465733,50,729.972279,0.0
-16.725093,50,730.895843,0.0
-28.647318,50,731.867147,0.0
-19.263693,50,733.272063,0.0
-16.613299,50,734.253109,0.0
-16.838524,50,735.232573,0.0
-31.826942,50,736.454691,0.0
-24.899645,50,737.418169,0.0
-15.734815,50,745.057148,0.0
-30.807143,50,746.131562,0.0
-16.885681,50,747.055169,0.0
-18.319608,50,748.090009,0.0
-26.766969,50,749.053755,0.0
-15.018796,50,750.284779,0.0
-38.051503,50,751.238314,0.0
-28.390381,50,752.527559,0.0
-24.569072,50,753.664253,0.0
-9.047666,50,754.826173,0.0
-33.989168,50,761.95478,0.0
-8.758888,50,762.906517,0.0
-15.993692,50,764.088524,0.0
-31.204363,50,765.028648,0.0
-10.471125,50,766.000435,0.0
-8.756693,50,767.464771,0.0
-29.704091,50,768.767607,0.0
-16.551989,50,769.758416,0.0
-15.312978,50,770.733348,0.0
-15.616298,50,771.798271,0.0
-14.531903,50,772.768106,0.0
-15.379304,50,779.422526,0.0
-32.097518,50,780.55819,0.0
-9.464466,50,781.60115,0.0
-18.076931,50,782.552758,0.0
-7.1902,50,784.296029,0.0
-15.118502,50,785.302556,0.0
-16.084462,50,786.845273,0.0
-7.105495,50,787.982871,0.0
-14.380022,50,788.929961,0.0
-12.76954,50,790.178059,0.0
-11.906412,50,797.068573,0.0
-13.978185,50,798.012291,0.0
-19.216782,50,798.94977,0.0
-15.161226,50,799.899488,0.0
-16.5987,50,800.909074,0.0
-13.604768,50,802.022096,0.0
-8.864433,50,802.986051,0.0
-15.573916,50,804.04929,0.0
-23.597246,50,805.022303,0.0
-12.766225,50,805.965198,0.0
-27.266587,50,812.91879,0.0
-23.928549,50,814.151903,0.0
-31.04185,50,815.143106,0.0
-9.286004,50,816.13178,0.0
-19.173902,50,817.428587,0.0
-11.623892,50,818.397352,0.0
-13.770194,50,819.565481,0.0
-16.798088,50,820.895467,0.0
-16.314501,50,821.857934,0.0
-11.15242,50,823.649951,0.0
-12.42533,50,830.379373,0.0
-15.644491,50,831.697462,0.0
-15.749681,50,833.025081,0.0
-14.730046,50,834.151732,0.0
-33.02492,50,835.058563,0.0
-42.797726,50,836.491534,0.0
-15.493591,50,837.696188,0.0
-18.083642,50,839.135471,0.0
-18.842253,50,840.059785,0.0
-29.127965,50,841.042293,0.0
-11.138807,50,841.999202,0.0
-26.84264,50,849.121739,0.0
-15.610966,50,850.272662,0.0
-28.767871,50,851.456422,0.0
-28.650765,50,852.638793,0.0
-30.513253,50,853.562835,0.0
-14.518693,50,854.509715,0.0
-8.475081,50,855.704413,0.0
-15.546551,50,857.238243,0.0
-14.927223,50,858.591048,0.0
-34.082031,50,859.945485,0.0
-8.860207,50,866.624759,0.0
-13.459048,50,867.607207,0.0
-10.859118,50,868.551484,0.0
-14.128606,50,870.348474,0.0
-11.233383,50,871.609242,0.0
-38.20446,50,872.677742,0.0
-7.099435,50,873.654764,0.0
-11.525901,50,874.862031,0.0
-11.912788,50,876.133916,0.0
-13.558647,50,877.183188,0.0
-28.159494,50,883.903862,0.0
-32.576931,50,884.853917,0.0
-14.008701,50,886.02987,0.0
-13.572062,50,887.000419,0.0
-7.02765,50,887.925436,0.0
-17.148086,50,889.135111,0.0
-23.129263,50,890.109311,0.0
-12.463382,50,891.055489,0.0
-14.245435,50,892.09136,0.0
-18.910078,50,893.096511,0.0
-10.526916,50,899.806165,0.0
-18.705049,50,901.345509,0.0
-21.863722,50,902.327151,0.0
-27.819394,50,903.618609,0.0
-7.972315,50,904.585972,0.0
-18.87725,50,905.577266,0.0
-12.44947,50,906.519985,0.0
-8.430435,50,907.880841,0.0
-18.363005,50,909.913503,0.0
-9.974924,50,910.829674,0.0
-14.989165,50,917.834764,0.0
-3.481449,50,918.758808,0.0
-14.287211,50,919.998035,0.0
-6.446085,50,920.956923,0.0
-31.454768,50,922.00492,0.0
-15.849607,50,923.364932,0.0
-10.258592,50,924.865115,0.0
-19.654723,50,925.879961,0.0
-18.911428,50,926.904311,0.0
-34.123907,50,928.04873,0.0
-17.442581,50,928.983818,0.0
-11.918615,50,935.697691,0.0
-15.327393,50,936.951496,0.0
-16.803223,50,937.911529,0.0
-27.529363,50,938.864863,0.0
-19.937687,50,940.258405,0.0
-8.783121,50,941.470639,0.0
-9.458215,50,942.395861,0.0
-14.775505,50,943.333407,0.0
-9.316553,50,944.338228,0.0
-10.628138,50,945.322001,0.0
-14.248932,50,951.978205,0.0
-12.685815,50,953.135905,0.0
-13.414746,50,954.929244,0.0
-10.310601,50,955.903791,0.0
-6.451829,50,956.9116,0.0
-16.802581,50,958.0792,0.0
-17.28312,50,959.288721,0.0
-4.672775,50,960.269141,0.0
-10.980954,50,961.242548,0.0
-16.074504,50,962.45305,0.0
-15.598847,50,969.38052,0.0
-28.547227,50,970.648035,0.0
-18.808585,50,971.748414,0.0
-7.489381,50,972.781459,0.0
-16.05249,50,973.754822,0.0
-19.765084,50,974.897356,0.0
-12.432239,50,975.898709,0.0
-9.647452,50,976.895745,0.0
-18.861653,50,977.894714,0.0
-35.090295,50,978.926482,0.0
-18.412271,50,986.000767,0.0
-7.822684,50,987.489728,0.0
-10.940933,50,988.505586,0.0
-14.897504,50,989.752993,0.0
-38.181993,50,990.879026,0.0
-9.362499,50,992.120245,0.0
-12.95268,50,993.096623,0.0
-31.660733,50,995.017006,0.0
-11.9345,50,996.304005,0.0
-13.313435,50,997.646624,0.0
-19.462762,50,998.832651,0.0
-10.65142,50,1005.920608,0.0
-11.088222,50,1006.894579,0.0
-39.962587,50,1008.266328,0.0
-32.430996,50,1009.21942,0.0
-14.091519,50,1010.429576,0.0
-4.539079,50,1011.365799,0.0
-9.986425,50,1012.356804,0.0
-8.687213,50,1013.514923,0.0
-5.584344,50,1014.464993,0.0
-14.847354,50,1015.782739,0.0
-8.053144,50,1022.45097,0.0
-10.757378,50,1023.94705,0.0
-30.753029,50,1024.971833,0.0
-4.996477,50,1026.190992,0.0
-11.430242,50,1027.134861,0.0
-15.520392,50,1028.064847,0.0
-15.151423,50,1029.216051,0.0
-9.687341,50,1030.175844,0.0
-35.849455,50,1031.123633,0.0
-13.658802,50,1032.066754,0.0
-12.473615,50,1039.277447,0.0
-12.646064,50,1041.122622,0.0
-20.098545,50,1042.291971,0.0
-21.013326,50,1043.342438,0.0
-19.105908,50,1044.317284,0.0
-15.694042,50,1045.577141,0.0
-10.306634,50,1046.539256,0.0
-10.991663,50,1047.752987,0.0
-18.352583,50,1048.704595,0.0
-36.357237,50,1049.872348,0.0
-4.290869,50,1056.681295,0.0
-26.6384,50,1057.730216,0.0
-17.952576,50,1058.689181,0.0
-9.617963,50,1059.644914,0.0
-7.648162,50,1060.90927,0.0
-14.306482,50,1062.051156,0.0
-6.307808,50,1063.184637,0.0
-7.31687,50,1064.431177,0.0
-11.516489,50,1065.350452,0.0
-14.312118,50,1066.355247,0.0
-19.251116,50,1067.700172,0.0
-12.794711,50,1074.331339,0.0
-16.549206,50,1075.370982,0.0
-14.689756,50,1076.343091,0.0
-2.89594,50,1077.284863,0.0
-24.998264,50,1078.204542,0.0
-14.295394,50,1080.334991,0.0
-10.596608,50,1081.325829,0.0
-23.266517,50,1082.304557,0.0
-7.30389,50,1083.322321,0.0
-24.781526,50,1084.594708,0.0
-5.225831,50,1091.463009,0.0
-11.057539,50,1092.46368,0.0
-20.898338,50,1093.904939,0.0
-11.20975,50,1094.86415,0.0
-4.294381,50,1095.924087,0.0
-7.579546,50,1097.275056,0.0
-11.057014,50,1098.397582,0.0
-11.413021,50,1099.560076,0.0
-5.904111,50,1100.51477,0.0
-14.028203,50,1101.956474,0.0
-4.3063,50,1108.475962,0.0
-7.899467,50,1109.964205,0.0
-12.648685,50,1110.918681,0.0
-6.141595,50,1112.092252,0.0
-20.114528,50,1113.032541,0.0
-22.114721,50,1114.303414,0.0
-13.930791,50,1115.318682,0.0
-15.353499,50,1116.32658,0.0
-8.424237,50,1117.354924,0.0
-20.499826,50,1118.352081,0.0
-16.802814,50,1126.182894,0.0
-11.288713,50,1127.349051,0.0
-5.856982,50,1128.324776,0.0
-31.005467,50,1129.30045,0.0
-11.95618,50,1131.13739,0.0
-21.279554,50,1132.501251,0.0
-10.286353,50,1133.697742,0.0
-6.522834,50,1135.033913,0.0
-6.305242,50,1136.002973,0.0
-18.014961,50,1137.452954,0.0
-5.759665,50,1138.52238,0.0
-31.551222,50,1145.135685,0.0
-13.678556,50,1146.113398,0.0
-21.839466,50,1147.194578,0.0
-11.886486,50,1148.399814,0.0
-16.671009,50,1149.724905,0.0
-27.47596,50,1150.689309,0.0
-8.832748,50,1151.684128,0.0
-12.282998,50,1152.742262,0.0
-6.335297,50,1153.703709,0.0
-10.461044,50,1154.886917,0.0
-16.228286,50,1161.362746,0.0
-20.962629,50,1162.636216,0.0
-10.493359,50,1163.687541,0.0
-13.009526,50,1164.921154,0.0
-14.682226,50,1167.006035,0.0
-8.575052,50,1168.290373,0.0
-8.103607,50,1169.25956,0.0
-9.834584,50,1170.231602,0.0
-19.325415,50,1171.399791,0.0
-12.460015,50,1172.364349,0.0
-3.324985,50,1178.955093,0.0
-11.826102,50,1180.130071,0.0
-23.22589,50,1181.200372,0.0
-7.051264,50,1182.326632,0.0
-11.32722,50,1183.390151,0.0
-5.131155,50,1184.379724,0.0
-15.605419,50,1185.437789,0.0
-10.805382,50,1186.563522,0.0
-33.293402,50,1187.792212,0.0
-15.016706,50,1188.93388,0.0
-11.185134,50,1195.581613,0.0
-9.294285,50,1196.537548,0.0
-18.446289,50,1197.715422,0.0
-4.757632,50,1198.64026,0.0
-19.580995,50,1199.713453,0.0
-14.245752,50,1200.961342,0.0
-18.78115,50,1201.934374,0.0
-20.380115,50,1203.163369,0.0
-9.001223,50,1204.151651,0.0
-8.047907,50,1205.924178,0.0
-16.747305,50,1207.130061,0.0
-15.733897,50,1214.374104,0.0
-26.768743,50,1215.33385,0.0
-24.831217,50,1216.405034,0.0
-11.279676,50,1217.687975,0.0
-18.379281,50,1218.753831,0.0
-9.427672,50,1219.972028,0.0
-31.324061,50,1220.968664,0.0
-24.274695,50,1222.207958,0.0
-5.44247,50,1223.395702,0.0
-14.134001,50,1224.531835,0.0
-10.5918,50,1231.322294,0.0
-12.458325,50,1232.265764,0.0
-8.547758,50,1233.194194,0.0
-6.671326,50,1234.169858,0.0
-6.870314,50,1235.11794,0.0
-9.704011,50,1236.109643,0.0
-23.337839,50,1237.483036,0.0
-19.905884,50,1238.446843,0.0
-21.507464,50,1239.416179,0.0
-19.253037,50,1240.584176,0.0
-20.873207,50,1247.67784,0.0
-10.945297,50,1248.707844,0.0
-30.64016,50,1250.179841,0.0
-10.358046,50,1252.146513,0.0
-12.873194,50,1253.167192,0.0
-3.837208,50,1254.143342,0.0
-25.999048,50,1255.49158,0.0
-9.90776,50,1256.513387,0.0
-11.770105,50,1257.475264,0.0
-19.429449,50,1258.634683,0.0
-16.243448,50,1265.448133,0.0
-16.585291,50,1266.420002,0.0
-7.920434,50,1267.706183,0.0
-33.639882,50,1268.910883,0.0
-13.760847,50,1269.89532,0.0
-15.389676,50,1270.865829,0.0
-8.420653,50,1272.16617,0.0
-10.067907,50,1273.294137,0.0
-6.080308,50,1274.269972,0.0
-2.439391,50,1275.25527,0.0
-36.875598,50,1276.229831,0.0
-5.92805,50,1282.981625,0.0
-18.297538,50,1284.066487,0.0
-3.248936,50,1285.21921,0.0
-32.636143,50,1286.140786,0.0
-18.59108,50,1287.370678,0.0
-13.38427,50,1288.322704,0.0
-15.892411,50,1289.596687,0.0
-28.217086,50,1291.28346,0.0
-6.157195,50,1292.220582,0.0
-5.464841,50,1293.365613,0.0
-14.796233,50,1300.233371,0.0
-6.220366,50,1301.239437,0.0
-11.233803,50,1302.210018,0.0
-24.417956,50,1303.362626,0.0
-12.164664,50,1304.36662,0.0
-38.609875,50,1305.33311,0.0
-16.884873,50,1306.312825,0.0
-9.870799,50,1307.496843,0.0
-3.368508,50,1309.11223,0.0
-10.704908,50,1310.282378,0.0
-17.660853,50,1317.282557,0.0
-30.430003,50,1318.793983,0.0
-6.227246,50,1319.756653,0.0
-5.329076,50,1320.979288,0.0
-26.749136,50,1322.183574,0.0
-13.691755,50,1323.139376,0.0
-13.023178,50,1324.47805,0.0
-20.459754,50,1325.468132,0.0
-10.195649,50,1326.755321,0.0
-7.096362,50,1327.775586,0.0
-9.633862,50,1334.810057,0.0
-3.238273,50,1336.031664,0.0
-12.310099,50,1338.52701,0.0
-6.133645,50,1339.551746,0.0
-7.112917,50,1340.854606,0.0
-21.202356,50,1341.925273,0.0
-3.170625,50,1342.930878,0.0
-8.362709,50,1343.909811,0.0
-11.688572,50,1345.044839,0.0
-15.060553,50,1346.048131,0.0
-10.01565,50,1352.773391,0.0
-8.568763,50,1353.740528,0.0
-16.369335,50,1354.913431,0.0
-15.808369,50,1356.098916,0.0
-3.711268,50,1357.072945,0.0
-12.446539,50,1358.039908,0.0
-6.349966,50,1359.002535,0.0
-11.796609,50,1359.94252,0.0
-15.232796,50,1361.160589,0.0
-10.611243,50,1362.407602,0.0
-27.188032,50,1363.387364,0.0
-3.760896,50,1370.067195,0.0
-4.092689,50,1370.981831,0.0
-7.258169,50,1372.080584,0.0
-18.654796,50,1373.11073,0.0
-4.819803,50,1374.260999,0.0
-6.65681,50,1375.566699,0.0
-11.665515,50,1377.612715,0.0
-18.471704,50,1379.078606,0.0
-18.45939,50,1380.683906,0.0
-15.140007,50,1381.719068,0.0
-3.464498,50,1388.238756,0.0
-12.4333,50,1389.236314,0.0
-5.2341,50,1390.218831,0.0
-14.132455,50,1391.222834,0.0
-11.88103,50,1392.361816,0.0
-31.724796,50,1393.555816,0.0
-7.068482,50,1394.856687,0.0
-9.416191,50,1395.839716,0.0
-9.98417,50,1397.037989,0.0
-10.831935,50,1398.252058,0.0
-19.139665,50,1405.068974,0.0
-5.905672,50,1406.164689,0.0
-5.452709,50,1407.400047,0.0
-7.196226,50,1408.486392,0.0
-15.218013,50,1409.447316,0.0
-7.042896,50,1410.485255,0.0
-15.433695,50,1411.613704,0.0
-6.984363,50,1412.567089,0.0
-4.135025,50,1413.698612,0.0
-10.569745,50,1414.889804,0.0
-25.730716,50,1421.808163,0.0
-9.951456,50,1423.895622,0.0
-5.745316,50,1424.896496,0.0
-15.169675,50,1425.973923,0.0
-7.861396,50,1427.658247,0.0
-16.369146,50,1429.032545,0.0
-5.890152,50,1429.991287,0.0
-19.303984,50,1430.967322,0.0
-7.537073,50,1432.054641,0.0
-8.945219,50,1433.030874,0.0
-8.905061,50,1433.976001,0.0
-19.79128,50,1440.62803,0.0
-3.703363,50,1441.599959,0.0
-7.382756,50,1442.651858,0.0
-9.450357,50,1443.826977,0.0
-7.10956,50,1444.849559,0.0
-6.596273,50,1445.890726,0.0
-23.45285,50,1447.005757,0.0
-4.029345,50,1448.10399,0.0
-3.945875,50,1449.172623,0.0
-3.245174,50,1450.194758,0.0
-32.906456,50,1457.04446,0.0
-9.501507,50,1458.360168,0.0
-14.840383,50,1459.572654,0.0
-14.271307,50,1460.845674,0.0
-7.460267,50,1461.957365,0.0
-12.454761,50,1463.751626,0.0
-26.871836,50,1464.888697,0.0
-25.461403,50,1466.424422,0.0
-13.755694,50,1467.487117,0.0
-5.95914,50,1468.45743,0.0
-14.92109,50,1475.613233,0.0
-13.35583,50,1476.711808,0.0
-21.082483,50,1477.823962,0.0
-7.595101,50,1478.994729,0.0
-8.24159,50,1480.261588,0.0
-4.277421,50,1481.441775,0.0
-5.61827,50,1482.922521,0.0
-2.305813,50,1484.166575,0.0
-15.501152,50,1485.549073,0.0
-5.415697,50,1486.722408,0.0
-3.397345,50,1493.468974,0.0
-9.060564,50,1494.585674,0.0
-14.080039,50,1495.782648,0.0
-6.152991,50,1496.73554,0.0
-25.089527,50,1497.703643,0.0
-7.285372,50,1498.69305,0.0
-10.014801,50,1499.658476,0.0
-42.178449,50,1500.64111,0.0
-5.502816,50,1501.611974,0.0
-20.807439,50,1502.604205,0.0
-10.270508,50,1504.718116,0.0
-6.183262,50,1511.513168,0.0
-8.883637,50,1512.483724,0.0
-10.094055,50,1513.672051,0.0
-8.954378,50,1514.641818,0.0
-3.74406,50,1515.630531,0.0
-17.784755,50,1516.622138,0.0
-12.773236,50,1517.621363,0.0
-15.572408,50,1519.120492,0.0
-13.846561,50,1520.594264,0.0
-2.944106,50,1521.61557,0.0
-11.030264,50,1528.422836,0.0
-18.984614,50,1529.848788,0.0
-4.999647,50,1530.850163,0.0
-19.248163,50,1532.065158,0.0
-19.651275,50,1533.177869,0.0
-5.878775,50,1534.166287,0.0
-15.040956,50,1535.137393,0.0
-5.440852,50,1536.109657,0.0
-1.668665,50,1537.117944,0.0
-9.812256,50,1538.103175,0.0
-8.212631,50,1544.772076,0.0
-3.996627,50,1545.737136,0.0
-6.869063,50,1546.684171,0.0
-3.89771,22,1547.10607,1.0
-5.868815,50,1548.97203,0.0
-16.480696,50,1549.94585,0.0
-7.81627,50,1550.890667,0.0
-6.643547,50,1551.880011,0.0
-9.798232,50,1552.851392,0.0
-9.420365,50,1553.903577,0.0
-5.624285,50,1555.007827,0.0
-19.622266,50,1561.653603,0.0
-12.450706,50,1562.819306,0.0
-11.430245,50,1563.841792,0.0
-16.132,50,1565.012082,0.0
-6.774123,50,1566.332994,0.0
-4.369473,50,1567.509483,0.0
-4.380318,50,1568.59466,0.0
-5.651882,50,1569.590465,0.0
-4.430238,50,1570.533514,0.0
-14.721021,50,1571.791301,0.0
-11.636781,50,1578.622588,0.0
-4.358545,50,1579.775191,0.0
-14.918057,50,1581.017925,0.0
-13.872813,50,1582.194364,0.0
-20.005425,50,1583.30648,0.0
-8.098492,50,1584.321557,0.0
-9.48086,50,1585.328501,0.0
-14.903821,50,1586.374368,0.0
-22.149884,50,1588.32642,0.0
-20.728695,50,1589.356977,0.0
-15.159181,50,1596.024299,0.0
-13.035039,50,1596.980276,0.0
-5.643052,50,1597.975036,0.0
-10.466722,50,1598.964496,0.0
-2.851833,50,1600.158594,0.0
-2.276725,50,1601.162042,0.0
-11.381426,50,1602.166642,0.0
-10.769685,50,1603.403396,0.0
-6.197883,50,1604.425824,0.0
-0.610874,6,1604.539167,1.0
-4.084767,50,1605.519693,0.0
-6.817888,50,1606.4733,0.0
-3.801623,50,1613.311388,0.0
-3.029995,50,1614.387505,0.0
-16.476508,50,1615.350353,0.0
-8.772226,50,1616.33743,0.0
-0.520183,11,1616.545451,1.0
-5.278314,50,1617.487294,0.0
-6.011712,50,1618.464461,0.0
-29.796925,50,1619.429636,0.0
-15.420243,50,1620.552947,0.0
-5.418615,50,1621.538827,0.0
-14.903547,50,1622.517303,0.0
-9.573013,50,1629.273686,0.0
-5.627841,50,1630.345352,0.0
-12.315714,50,1632.760073,0.0
-2.963928,50,1633.861921,0.0
-8.911197,50,1635.249366,0.0
-6.216787,50,1636.961301,0.0
-1.425545,38,1637.680094,1.0
-16.577329,50,1638.633826,0.0
-12.480408,50,1639.602836,0.0
-5.559301,50,1640.602583,0.0
-2.383975,47,1647.268806,1.0
-20.19606,50,1648.755769,0.0
-11.956947,50,1649.820483,0.0
-14.011386,50,1650.787131,0.0
-8.778351,50,1651.748669,0.0
-2.520662,50,1652.784266,0.0
-3.168584,50,1653.79651,0.0
-13.833408,50,1655.386568,0.0
-7.93248,50,1656.575139,0.0
-3.687949,50,1657.717255,0.0
-19.644525,50,1664.668913,0.0
-7.264722,50,1665.832942,0.0
-7.198755,50,1667.139311,0.0
-6.625902,50,1668.257831,0.0
-12.637862,50,1669.489967,0.0
-3.70794,24,1669.982674,1.0
-6.832864,50,1670.96196,0.0
-9.075831,50,1672.043298,0.0
-9.250969,50,1674.127664,0.0
-13.560002,50,1675.233676,0.0
-3.754345,50,1676.340255,0.0
-2.604091,50,1683.049984,0.0
-14.325227,50,1684.026824,0.0
-16.182004,50,1685.048427,0.0
-20.656811,50,1686.208555,0.0
-3.627031,50,1687.223807,0.0
-6.43631,50,1688.200607,0.0
-13.220034,50,1689.458567,0.0
-16.468323,50,1690.486573,0.0
-14.059722,50,1691.531482,0.0
-4.347492,50,1692.478104,0.0
-9.80345,50,1699.445913,0.0
-5.480064,50,1700.782065,0.0
-8.917848,50,1701.988036,0.0
-9.996807,50,1702.998073,0.0
-4.733747,50,1703.969213,0.0
-3.677724,50,1704.949284,0.0
-4.382694,50,1705.923415,0.0
-15.82891,50,1706.911883,0.0
-6.060934,50,1707.873119,0.0
-10.501185,50,1709.025898,0.0
-18.420293,50,1710.263818,0.0
-10.340328,50,1717.152973,0.0
-6.988953,50,1719.012005,0.0
-3.333447,50,1720.146279,0.0
-8.312056,50,1721.383152,0.0
-11.712107,50,1722.606335,0.0
-14.253132,50,1723.585195,0.0
-5.0403,50,1724.57157,0.0
-11.259072,50,1725.549376,0.0
-8.25434,50,1726.56562,0.0
-9.179513,50,1727.92294,0.0
-5.204154,50,1734.691396,0.0
-3.577853,50,1735.883981,0.0
-7.722596,50,1736.988401,0.0
-8.636147,50,1738.019606,0.0
-15.906239,50,1739.23942,0.0
-9.653406,50,1740.278534,0.0
-4.617191,50,1741.253275,0.0
-2.951752,50,1742.232518,0.0
-12.068248,50,1743.187335,0.0
-18.961109,50,1744.426396,0.0
-13.749461,50,1751.366774,0.0
-47.12169,50,1752.627681,0.0
-4.905326,50,1753.679856,0.0
-3.221185,50,1754.67124,0.0
-4.394074,50,1755.661351,0.0
-11.549936,50,1756.632135,0.0
-5.51852,50,1758.511141,0.0
-10.976696,50,1759.468187,0.0
-4.666567,50,1760.627819,0.0
-14.287399,50,1761.740858,0.0
-1.305617,30,1762.304124,1.0
-7.436494,50,1769.048465,0.0
-15.599415,50,1770.016177,0.0
-23.455031,50,1770.98392,0.0
-15.020275,50,1772.13516,0.0
-2.634962,20,1772.555682,1.0
-20.482304,50,1773.654304,0.0
-2.176713,50,1774.742405,0.0
-5.884727,50,1775.753685,0.0
-4.356947,50,1776.82619,0.0
-10.942625,50,1777.990484,0.0
-11.45112,50,1778.990151,0.0
-2.032377,50,1785.764365,0.0
-7.143313,50,1787.006218,0.0
-8.833365,50,1788.221821,0.0
-2.606493,50,1789.240645,0.0
-5.659216,50,1790.385085,0.0
-8.371259,50,1791.40579,0.0
-2.234792,50,1792.527869,0.0
-13.25094,50,1793.699001,0.0
-7.303833,50,1794.769489,0.0
-1.970863,50,1796.076073,0.0
-2.498818,13,1803.033121,1.0
-14.289967,50,1804.331237,0.0
-5.955423,50,1805.467068,0.0
-4.17118,28,1806.086588,1.0
-3.725993,50,1807.337556,0.0
-14.330179,50,1808.863849,0.0
-4.37211,50,1810.095829,0.0
-2.543152,31,1810.712758,1.0
-13.259466,50,1811.696005,0.0
-15.929526,50,1812.821009,0.0
-9.590651,50,1813.877455,0.0
-4.947467,31,1814.46287,1.0
-10.52802,50,1820.99394,0.0
-13.602317,50,1821.975749,0.0
-9.945698,50,1822.963764,0.0
-7.921896,50,1824.219582,0.0
-15.344337,50,1825.457197,0.0
-15.855148,50,1826.436364,0.0
-5.811526,50,1827.805642,0.0
-13.300465,50,1828.920926,0.0
-29.625576,50,1830.166142,0.0
-12.20576,50,1831.442755,0.0
-5.629758,50,1838.112437,0.0
-19.419073,50,1839.071292,0.0
-11.424815,50,1840.046935,0.0
-3.258469,50,1841.091405,0.0
-5.294871,50,1843.21663,0.0
-5.981941,26,1843.895279,1.0
-7.014224,50,1845.201212,0.0
-3.152625,19,1845.570061,1.0
-13.916173,50,1846.767705,0.0
-18.385203,50,1847.788475,0.0
-2.607467,50,1848.734862,0.0
-15.564444,50,1849.71557,0.0
-4.997737,50,1856.412141,0.0
-13.3215,50,1857.445857,0.0
-8.896946,50,1858.423289,0.0
-3.279155,50,1859.630764,0.0
-4.255781,50,1860.750662,0.0
-6.426569,50,1861.700929,0.0
-1.581486,20,1862.088037,1.0
-9.585566,50,1863.116155,0.0
-2.094634,50,1864.51858,0.0
-5.727014,50,1866.060462,0.0
-7.784358,50,1872.789216,0.0
-7.711274,50,1873.805413,0.0
-19.060535,50,1874.764634,0.0
-17.831096,50,1875.73567,0.0
-8.18164,50,1876.862566,0.0
-5.104296,50,1878.071986,0.0
-6.322934,50,1879.263265,0.0
-21.368356,50,1880.349389,0.0
-4.178214,50,1881.3163,0.0
-13.461502,50,1883.025763,0.0
-1.609337,50,1884.013062,0.0
-8.298013,50,1890.706096,0.0
-10.835422,50,1891.821635,0.0
-7.307692,50,1892.888864,0.0
-4.114835,50,1893.851453,0.0
-5.442742,50,1895.024808,0.0
-13.146397,50,1896.111752,0.0
-9.388167,50,1897.088606,0.0
-3.041014,50,1898.22309,0.0
-4.938644,50,1899.54238,0.0
-20.223151,50,1900.636993,0.0
-18.019832,50,1907.552915,0.0
-6.732419,50,1908.862253,0.0
-16.895485,50,1909.939334,0.0
-14.258339,50,1910.967427,0.0
-11.30316,50,1911.948874,0.0
-1.825242,20,1912.345834,1.0
-4.431594,24,1912.837642,1.0
-2.686104,50,1913.798045,0.0
-4.338345,50,1914.76295,0.0
-3.598466,50,1915.876356,0.0
-2.977653,23,1916.31917,1.0
-18.67998,50,1917.526117,0.0
-1.442973,14,1923.709713,1.0
-2.12381,42,1924.906664,1.0
-2.862795,50,1925.904593,0.0
-3.290605,50,1927.33255,0.0
-1.385055,43,1929.260157,1.0
-7.635082,50,1930.219918,0.0
-8.8319,50,1931.179282,0.0
-20.073844,50,1932.347792,0.0
-8.909131,50,1933.453753,0.0
-6.503259,50,1934.952114,0.0
-13.568159,50,1936.143471,0.0
-19.05355,50,1943.193729,0.0
-8.397613,50,1944.181504,0.0
-5.514725,50,1945.260428,0.0
-4.441493,16,1945.625658,1.0
-2.468153,50,1946.672807,0.0
-6.269802,50,1947.676347,0.0
-21.23048,50,1948.725393,0.0
-14.355396,50,1949.731774,0.0
-13.665753,50,1950.897664,0.0
-6.802531,50,1952.231215,0.0
-15.315009,50,1953.286196,0.0
-3.155138,50,1960.248015,0.0
-11.703035,50,1961.450925,0.0
-15.049715,50,1962.604228,0.0
-10.260598,50,1963.622788,0.0
-19.200215,50,1964.648559,0.0
-11.55905,50,1965.636955,0.0
-13.88082,50,1966.643221,0.0
-1.107119,19,1967.120044,1.0
-10.291662,50,1969.067483,0.0
-12.852364,50,1970.086692,0.0
-14.827097,50,1971.355111,0.0
-10.19997,50,1978.355994,0.0
-4.690229,50,1979.37145,0.0
-6.331147,50,1980.357422,0.0
-20.668829,50,1981.579333,0.0
-6.223337,50,1982.555553,0.0
-16.996801,50,1983.796167,0.0
-3.745227,50,1985.230705,0.0
-11.628541,50,1986.255781,0.0
-4.175941,50,1987.233925,0.0
-6.497504,50,1988.331615,0.0
-1.692918,32,1995.033664,1.0
-9.658329,50,1996.25789,0.0
-4.624114,50,1997.438733,0.0
-26.988801,50,1998.478251,0.0
-9.663672,50,1999.598312,0.0
-6.318885,50,2000.662284,0.0
-11.630936,50,2001.831347,0.0
-10.884456,50,2002.907364,0.0
-3.017771,38,2003.84815,1.0
-20.203452,50,2004.857326,0.0
-3.952352,50,2005.957583,0.0
-1.676522,50,2012.926034,0.0
-4.535815,50,2013.925984,0.0
-10.43688,50,2015.472333,0.0
-2.146344,50,2016.445834,0.0
-9.392934,50,2017.462882,0.0
-1.593694,43,2018.286649,1.0
-6.135053,50,2019.272965,0.0
-3.838693,50,2020.30243,0.0
-6.23989,50,2021.87792,0.0
-2.201383,50,2023.061667,0.0
-9.289732,50,2029.974153,0.0
-13.156031,50,2030.93198,0.0
-7.6553,50,2032.164797,0.0
-15.828438,50,2033.192106,0.0
-7.437103,50,2034.298038,0.0
-10.57907,50,2035.369604,0.0
-2.757408,50,2036.430442,0.0
-5.895393,50,2037.578248,0.0
-17.075368,50,2038.762838,0.0
-5.75635,50,2039.776888,0.0
-14.159986,50,2046.597415,0.0
-2.690868,25,2047.160297,1.0
-17.95513,50,2048.37979,0.0
-11.20675,50,2049.489269,0.0
-0.983222,13,2049.807498,1.0
-8.676322,50,2050.855984,0.0
-8.81151,50,2051.919556,0.0
-14.781416,50,2053.042356,0.0
-10.926965,50,2055.287481,0.0
-10.962718,50,2056.448401,0.0
-2.804989,50,2057.407649,0.0
-1.808945,25,2057.899675,1.0
-9.085747,50,2064.807706,0.0
-13.060229,50,2065.803357,0.0
-11.180142,50,2066.791991,0.0
-16.246898,50,2068.055298,0.0
-2.105012,50,2069.010198,0.0
-10.308086,50,2070.034319,0.0
-15.043627,50,2071.205363,0.0
-23.399521,50,2072.355665,0.0
-13.429348,50,2073.341802,0.0
-6.28296,50,2074.371981,0.0
-10.187942,50,2075.471364,0.0
-11.64434,50,2082.188231,0.0
-13.636399,50,2083.149884,0.0
-5.829605,50,2084.274169,0.0
-22.047649,50,2085.519192,0.0
-7.642463,50,2086.495853,0.0
-3.158584,50,2087.605607,0.0
-2.441326,50,2088.893732,0.0
-3.76473,50,2089.97468,0.0
-21.206064,50,2091.121185,0.0
-6.919133,50,2092.706645,0.0
-1.918269,50,2099.435295,0.0
-14.590314,50,2101.260114,0.0
-13.362373,50,2102.520949,0.0
-10.048495,50,2103.752942,0.0
-4.565404,19,2104.120148,1.0
-10.803183,50,2105.230822,0.0
-15.472192,50,2106.317513,0.0
-14.366691,50,2107.610038,0.0
-2.795544,50,2108.608276,0.0
-2.762695,50,2109.584024,0.0
-9.242151,50,2110.543154,0.0
-10.019967,50,2117.241254,0.0
-11.587831,50,2118.386067,0.0
-21.47092,50,2119.526508,0.0
-1.53663,23,2119.992998,1.0
-4.585945,50,2121.17843,0.0
-12.871286,50,2122.510884,0.0
-4.91143,47,2123.490082,1.0
-10.43009,50,2124.460288,0.0
-7.406894,50,2125.412827,0.0
-3.401942,50,2126.39162,0.0
-10.663023,50,2127.667983,0.0
-5.791833,50,2134.311483,0.0
-4.31874,19,2134.677967,1.0
-1.458565,50,2135.869066,0.0
-23.367746,50,2136.984393,0.0
-6.130931,50,2138.005044,0.0
-8.468241,50,2140.048464,0.0
-17.163745,50,2141.284788,0.0
-4.090595,33,2142.164446,1.0
-3.033906,36,2142.957633,1.0
-1.505114,36,2143.702164,1.0
-2.640403,17,2144.019054,1.0
-11.975491,50,2145.00324,0.0
-7.858335,50,2151.326686,0.0
-12.118346,50,2152.454275,0.0
-10.664006,50,2153.716674,0.0
-4.46957,50,2154.927094,0.0
-14.74211,50,2156.052647,0.0
-6.024398,50,2157.087605,0.0
-4.497608,50,2158.195533,0.0
-4.52121,50,2159.264149,0.0
-3.409661,50,2160.23413,0.0
-9.166231,50,2161.487354,0.0
-2.355947,50,2167.999581,0.0
-2.658371,50,2169.018073,0.0
-1.138613,35,2169.816486,1.0
-2.953754,19,2170.180233,1.0
-6.334279,50,2171.420604,0.0
-8.400304,50,2172.997094,0.0
-2.586819,50,2174.200356,0.0
-2.666313,16,2174.513532,1.0
-0.426965,10,2174.709081,1.0
-7.73529,50,2175.684612,0.0
-15.835991,50,2176.889835,0.0
-4.586505,50,2178.054155,0.0
-13.842498,50,2179.994658,0.0
-1.622254,13,2180.247355,1.0
-4.378165,34,2186.633075,1.0
-7.417306,50,2187.968314,0.0
-4.194714,50,2189.159767,0.0
-14.634674,50,2190.10331,0.0
-11.345835,50,2191.503366,0.0
-2.42571,29,2192.080039,1.0
-10.131007,50,2193.076699,0.0
-13.937663,50,2194.204468,0.0
-12.631406,50,2195.203642,0.0
-4.413581,50,2196.381306,0.0
-1.728786,24,2196.890593,1.0
-9.347324,50,2203.934407,0.0
-11.061292,50,2205.001601,0.0
-8.120156,50,2205.96584,0.0
-2.123005,50,2206.916354,0.0
-27.404159,50,2207.962699,0.0
-2.020262,17,2208.327737,1.0
-12.844583,50,2209.416645,0.0
-2.996791,50,2210.383775,0.0
-4.188921,27,2210.905962,1.0
-5.954966,50,2212.066801,0.0
-13.222665,50,2213.299461,0.0
-6.675307,50,2214.269099,0.0
-5.079832,34,2220.657023,1.0
-4.176208,50,2221.623901,0.0
-8.673049,50,2222.618226,0.0
-5.027244,50,2223.609828,0.0
-7.848589,50,2225.476854,0.0
-14.902824,50,2226.462909,0.0
-5.36683,50,2227.507818,0.0
-12.677411,50,2228.563468,0.0
-1.712469,17,2228.976049,1.0
-3.710153,19,2229.468751,1.0
-5.280969,50,2230.737308,0.0
-0.699228,9,2230.949615,1.0
-14.917905,50,2238.196223,0.0
-3.498687,50,2239.271378,0.0
-14.681904,50,2240.235042,0.0
-6.245972,50,2241.403272,0.0
-4.498981,50,2242.945247,0.0
-9.32738,50,2243.931132,0.0
-1.175958,23,2244.376329,1.0
-16.203881,50,2245.462229,0.0
-2.161275,12,2245.730217,1.0
-10.669795,50,2246.703024,0.0
-8.571261,50,2247.699713,0.0
-2.114962,18,2248.074854,1.0
-6.974632,50,2254.59274,0.0
-2.800783,50,2255.572291,0.0
-10.536124,50,2256.534582,0.0
-12.862279,50,2257.729562,0.0
-13.173699,50,2258.871568,0.0
-5.295775,50,2259.845159,0.0
-4.683535,20,2260.227448,1.0
-1.470098,50,2261.264819,0.0
-7.174262,50,2262.25907,0.0
-16.401882,50,2263.580968,0.0
-3.928624,38,2265.083793,1.0
-9.389581,50,2271.711701,0.0
-1.983727,23,2272.166504,1.0
-3.548146,50,2273.111506,0.0
-0.664836,11,2273.325267,1.0
-0.562907,13,2273.588395,1.0
-6.581462,50,2274.551716,0.0
-16.270395,50,2275.781462,0.0
-4.635551,50,2276.932545,0.0
-15.3132,50,2277.900792,0.0
-1.726338,50,2278.860719,0.0
-3.592108,50,2279.83312,0.0
-1.744465,26,2280.338047,1.0
-12.961604,50,2281.541862,0.0
-4.179516,31,2282.148843,1.0
-4.785871,50,2289.142853,0.0
-4.60903,50,2290.09586,0.0
-2.06478,46,2291.111008,1.0
-3.064747,50,2292.23324,0.0
-15.123919,50,2293.198368,0.0
-5.077366,25,2293.685154,1.0
-2.777898,50,2294.713596,0.0
-20.145319,50,2295.958401,0.0
-9.17876,50,2296.920639,0.0
-15.084341,50,2298.116393,0.0
-3.57879,50,2304.987167,0.0
-1.501549,35,2305.78824,1.0
-11.099237,50,2306.741963,0.0
-11.623882,50,2307.714066,0.0
-2.061288,50,2309.712923,0.0
-2.171179,50,2310.723373,0.0
-9.07207,50,2311.720899,0.0
-1.903525,21,2312.13166,1.0
-0.280008,6,2312.2616,1.0
-5.859536,45,2313.477741,1.0
-1.676299,30,2314.2363,1.0
-7.682806,50,2315.282284,0.0
-5.247039,50,2316.583045,0.0
-2.541972,50,2323.635368,0.0
-10.70865,50,2324.856953,0.0
-5.524705,50,2325.824022,0.0
-0.245863,9,2325.995106,1.0
-14.556145,50,2326.983233,0.0
-1.99199,50,2328.066137,0.0
-7.540665,50,2329.256893,0.0
-15.058447,50,2330.306918,0.0
-14.440727,50,2331.388505,0.0
-3.50848,21,2331.900451,1.0
-12.522066,50,2333.184647,0.0
-1.042405,14,2333.482014,1.0
-2.039204,25,2333.985896,1.0
-4.074644,33,2340.373408,1.0
-4.38538,35,2341.080447,1.0
-3.198098,18,2341.495359,1.0
-4.938208,50,2342.561468,0.0
-6.731291,50,2343.542974,0.0
-8.13823,50,2344.900047,0.0
-7.038357,50,2345.921723,0.0
-6.781301,50,2346.910921,0.0
-1.420995,44,2347.903927,1.0
-3.126889,50,2349.758977,0.0
-10.735679,50,2350.739378,0.0
-5.465,44,2351.746055,1.0
-8.267874,50,2358.49136,0.0
-5.396086,47,2359.57769,1.0
-0.621651,14,2359.847619,1.0
-1.367318,13,2360.096594,1.0
-21.595772,50,2361.43888,0.0
-3.391465,44,2362.697931,1.0
-4.468528,50,2363.860799,0.0
-21.538398,50,2364.941739,0.0
-15.469363,50,2366.198137,0.0
-17.213337,50,2367.333357,0.0
-5.800322,50,2368.330609,0.0
-4.465278,50,2374.354613,0.0
-1.384736,50,2375.628095,0.0
-11.611327,50,2376.716927,0.0
-7.780413,50,2377.672933,0.0
-4.364724,31,2378.277129,1.0
-14.162866,50,2379.240853,0.0
-3.945625,42,2380.03224,1.0
-1.157063,35,2380.765424,1.0
-3.309776,34,2381.458065,1.0
-11.023021,50,2382.474833,0.0
-2.957059,50,2383.539472,0.0
-12.593398,50,2384.594329,0.0
-1.279826,27,2387.585273,1.0
-1.148216,18,2387.929027,1.0
-0.725211,23,2388.379971,1.0
-1.261437,33,2389.913834,1.0
-5.39957,33,2390.599753,1.0
-9.460087,50,2391.605492,0.0
-11.960089,50,2392.573627,0.0
-17.131654,50,2394.050345,0.0
-0.910299,20,2394.545841,1.0
-4.820987,50,2395.538133,0.0
-15.690785,50,2397.009186,0.0
-1.985531,50,2398.385165,0.0
-2.425726,50,2399.500849,0.0
-9.677821,50,2403.15713,0.0
-10.016901,50,2404.473525,0.0
-3.957301,19,2404.912245,1.0
-5.053207,50,2406.193467,0.0
-2.652311,31,2406.843049,1.0
-3.113723,43,2407.729194,1.0
-3.186066,50,2408.86599,0.0
-1.73007,46,2409.811507,1.0
-3.387503,29,2410.465155,1.0
-3.773341,26,2411.02258,1.0
-1.841674,18,2411.365936,1.0
-4.609272,50,2412.420389,0.0
-0.578366,9,2412.62508,1.0
-1.428698,25,2413.217134,1.0
-8.072948,50,2416.776673,0.0
-12.221275,50,2417.756996,0.0
-0.948167,12,2417.982127,1.0
-11.907143,50,2418.940022,0.0
-13.003499,50,2419.944545,0.0
-13.04935,50,2421.042351,0.0
-7.048405,50,2422.1028,0.0
-4.911357,34,2422.763239,1.0
-3.570704,50,2424.736674,0.0
-11.276294,50,2425.687766,0.0
-2.608941,33,2426.476613,1.0
-5.113726,50,2427.659971,0.0
-0.274986,7,2427.806416,1.0
-13.95797,50,2434.689984,0.0
-6.344346,45,2435.756383,1.0
-13.858723,50,2437.143589,0.0
-15.961057,50,2438.331841,0.0
-9.465703,50,2439.440571,0.0
-9.974203,50,2440.537544,0.0
-0.433347,12,2440.770309,1.0
-2.678665,50,2441.733548,0.0
-12.821105,50,2442.693148,0.0
-2.382751,36,2443.480911,1.0
-14.815423,50,2444.569905,0.0
-5.843223,50,2451.258729,0.0
-13.110483,50,2452.536929,0.0
-5.034321,50,2453.815688,0.0
-2.267767,16,2454.19771,1.0
-18.028018,50,2455.299503,0.0
-14.152601,50,2456.440963,0.0
-1.589961,50,2457.451701,0.0
-5.038415,50,2458.62475,0.0
-14.017728,50,2459.644644,0.0
-6.702262,50,2460.875309,0.0
-11.012332,50,2461.861519,0.0
-12.566583,50,2468.538112,0.0
-18.435813,50,2470.334002,0.0
-2.740286,14,2470.645387,1.0
-2.186606,10,2470.860442,1.0
-2.266582,50,2471.845501,0.0
-0.862973,18,2472.220428,1.0
-15.445479,50,2473.454344,0.0
-17.235987,50,2475.000169,0.0
-16.64825,50,2476.071058,0.0
-12.47042,50,2477.31467,0.0
-12.390469,50,2478.694881,0.0
-2.221847,14,2478.986942,1.0
-11.204912,50,2479.937868,0.0
-3.62506,50,2486.685073,0.0
-5.174612,50,2487.746694,0.0
-5.160657,50,2488.727863,0.0
-0.915805,16,2489.047589,1.0
-17.729174,50,2490.230446,0.0
-13.257123,50,2491.488958,0.0
-5.17716,34,2492.474964,1.0
-7.159223,50,2494.034653,0.0
-10.161112,50,2495.005151,0.0
-12.88378,50,2496.17948,0.0
-14.442522,50,2497.657612,0.0
-14.167701,50,2504.462137,0.0
-2.249569,35,2505.150446,1.0
-14.837538,50,2506.098894,0.0
-2.574358,50,2507.125185,0.0
-2.248697,50,2508.237182,0.0
-3.841581,50,2509.417435,0.0
-8.431081,50,2511.329463,0.0
-19.227415,50,2512.657009,0.0
-5.348523,50,2513.652095,0.0
-5.655115,45,2514.745163,1.0
-5.919565,50,2516.008873,0.0
-1.761493,22,2516.662675,1.0
-1.188273,17,2522.810345,1.0
-3.372484,43,2523.747089,1.0
-2.696779,50,2524.935112,0.0
-6.770526,50,2525.973122,0.0
-1.510265,41,2526.934047,1.0
-0.748654,8,2527.120026,1.0
-13.891821,50,2528.328047,0.0
-3.43364,34,2529.149273,1.0
-4.965495,50,2530.108543,0.0
-5.656937,50,2531.184108,0.0
-1.533013,50,2532.575856,0.0
-6.391828,50,2533.924679,0.0
-14.976922,50,2540.822727,0.0
-0.514589,6,2540.940139,1.0
-17.175934,50,2542.149552,0.0
-0.950711,32,2542.81629,1.0
-3.899565,50,2543.982857,0.0
-0.441015,11,2544.284617,1.0
-2.372129,50,2545.52335,0.0
-2.988306,50,2546.810049,0.0
-13.757142,50,2548.065917,0.0
-17.913999,50,2549.566024,0.0
-11.299938,50,2550.528404,0.0
-12.266457,50,2551.519038,0.0
-0.987337,33,2552.999845,1.0
-8.265909,23,2559.283446,1.0
-5.678593,50,2560.657086,0.0
-8.891027,50,2561.822847,0.0
-4.648624,50,2562.976183,0.0
-3.043747,40,2563.910341,1.0
-0.636668,16,2564.292898,1.0
-1.022541,19,2564.683427,1.0
-1.680139,50,2565.712846,0.0
-7.873429,50,2566.901142,0.0
-2.434486,13,2567.25731,1.0
-3.094163,17,2567.688853,1.0
-0.416736,10,2567.897225,1.0
-12.375796,50,2568.854613,0.0
-14.893642,50,2569.819553,0.0
-14.354548,50,2576.501445,0.0
-13.429625,50,2577.467482,0.0
-10.011173,50,2578.425258,0.0
-16.031259,50,2579.369731,0.0
-4.225464,50,2580.325854,0.0
-4.059004,48,2581.268181,1.0
-1.284698,15,2581.555399,1.0
-11.286043,50,2582.502571,0.0
-11.949014,50,2583.462364,0.0
-22.189514,50,2584.749682,0.0
-8.263821,50,2585.848691,0.0
-7.241357,50,2592.772003,0.0
-3.955207,50,2593.78974,0.0
-3.234967,50,2594.732226,0.0
-10.639068,50,2595.722845,0.0
-2.011188,50,2597.961623,0.0
-7.296362,50,2598.918516,0.0
-4.391713,50,2600.077281,0.0
-4.237737,50,2601.352595,0.0
-3.959996,29,2601.976203,1.0
-12.165468,50,2602.934408,0.0
-5.724485,50,2603.902209,0.0
-7.792862,32,2610.441095,1.0
-3.468407,50,2611.491845,0.0
-2.540176,50,2612.45697,0.0
-0.710983,19,2612.829487,1.0
-2.696941,50,2613.849525,0.0
-1.233661,13,2614.191803,1.0
-2.807832,16,2614.605617,1.0
-17.780223,50,2615.7564,0.0
-17.338379,50,2616.927611,0.0
-2.627705,12,2617.172239,1.0
-2.049247,9,2617.355573,1.0
-2.198181,13,2617.604317,1.0
-9.520669,50,2618.576094,0.0
-3.038861,50,2619.577593,0.0
-5.189724,50,2620.558765,0.0
-3.127783,50,2627.656841,0.0
-4.155735,50,2629.120997,0.0
-2.661375,17,2629.561005,1.0
-1.741415,40,2630.633135,1.0
-9.809191,50,2632.027817,0.0
-6.271458,50,2633.049757,0.0
-10.719815,50,2634.040944,0.0
-5.188887,50,2635.115016,0.0
-6.394593,50,2636.213895,0.0
-1.90456,9,2636.433527,1.0
-2.418715,50,2638.145546,0.0
-3.843866,23,2638.665743,1.0
-12.19389,50,2645.425333,0.0
-10.746935,50,2646.578606,0.0
-8.414289,50,2647.827905,0.0
-5.510367,26,2648.387745,1.0
-2.902463,50,2649.556756,0.0
-19.190937,50,2650.845227,0.0
-8.249373,50,2651.810155,0.0
-2.617253,50,2652.860332,0.0
-17.978957,50,2653.94066,0.0
-13.144451,50,2655.078437,0.0
-5.661626,50,2656.27998,0.0
-9.428385,50,2663.109636,0.0
-2.634214,23,2663.557704,1.0
-4.059958,50,2664.532543,0.0
-11.363538,50,2665.499025,0.0
-3.003225,50,2666.523571,0.0
-2.515408,50,2667.915621,0.0
-12.166857,50,2668.88844,0.0
-6.043667,50,2670.054644,0.0
-11.192778,50,2671.424515,0.0
-2.59815,50,2672.479438,0.0
-2.219763,50,2673.483518,0.0
-1.543372,24,2679.69444,1.0
-13.770627,50,2680.698231,0.0
-3.511046,50,2681.697921,0.0
-14.834322,50,2683.353992,0.0
-2.232326,14,2683.649733,1.0
-10.74476,50,2684.832852,0.0
-1.046857,25,2685.456286,1.0
-1.788337,29,2686.117992,1.0
-2.211864,42,2686.948458,1.0
-2.061149,50,2687.904668,0.0
-1.568279,37,2688.7384,1.0
-0.618963,11,2689.037555,1.0
-3.624338,24,2689.55916,1.0
-2.128781,13,2689.818832,1.0
-2.447665,50,2690.923253,0.0
-10.841579,50,2697.783729,0.0
-1.963711,32,2698.492027,1.0
-2.865149,36,2699.273738,1.0
-6.271584,26,2699.851959,1.0
-15.177987,50,2701.249425,0.0
-0.392322,7,2701.38747,1.0
-19.386862,50,2702.44654,0.0
-3.259368,29,2703.058344,1.0
-12.017743,50,2704.036453,0.0
-2.423453,46,2704.929967,1.0
-11.522901,50,2706.124747,0.0
-10.612989,50,2707.163714,0.0
-3.164808,13,2707.414809,1.0
-9.5801,50,2714.14333,0.0
-9.492885,50,2715.16752,0.0
-7.816702,47,2716.24396,1.0
-15.082017,50,2717.227909,0.0
-1.677249,30,2717.805041,1.0
-17.956716,50,2719.104903,0.0
-9.882658,50,2720.604019,0.0
-11.169813,50,2721.751548,0.0
-4.940857,23,2722.935758,1.0
-0.564759,6,2723.075974,1.0
-3.924803,17,2723.48881,1.0
-1.72109,13,2723.76906,1.0
-2.234059,50,2725.012371,0.0
-15.124952,50,2726.2891,0.0
-2.76351,24,2732.656002,1.0
-1.352863,17,2733.151738,1.0
-2.579058,50,2734.585638,0.0
-16.050234,50,2736.110744,0.0
-6.80738,50,2737.331153,0.0
-2.783484,26,2737.829833,1.0
-3.635231,28,2738.40117,1.0
-5.946953,50,2739.387226,0.0
-8.361985,50,2740.397857,0.0
-0.800026,17,2740.721405,1.0
-1.272072,19,2741.09628,1.0
-3.715659,50,2742.078746,0.0
-3.449233,26,2742.604795,1.0
-10.229465,50,2743.908936,0.0
-6.394563,50,2750.805857,0.0
-16.88681,50,2751.78402,0.0
-13.137909,50,2752.728181,0.0
-9.078679,50,2754.125803,0.0
-5.488244,50,2755.239335,0.0
-6.154428,39,2756.069733,1.0
-9.633961,50,2757.065053,0.0
-1.197477,12,2757.307575,1.0
-3.150017,50,2758.257092,0.0
-2.722861,29,2758.820463,1.0
-2.433148,27,2759.33854,1.0
-2.129325,15,2759.62355,1.0
-6.39272,50,2766.372588,0.0
-17.605426,50,2767.891695,0.0
-0.817584,27,2769.359972,1.0
-11.841566,50,2770.652468,0.0
-6.102219,50,2771.665223,0.0
-1.942674,48,2772.770454,1.0
-26.473338,50,2773.995275,0.0
-1.746351,50,2775.181534,0.0
-13.412813,50,2776.197023,0.0
-13.183887,50,2777.173348,0.0
-5.618441,50,2778.393642,0.0
-5.157321,50,2785.092629,0.0
-6.610336,50,2786.075839,0.0
-7.921867,50,2787.341799,0.0
-4.935872,50,2788.324324,0.0
-17.115098,50,2789.706955,0.0
-3.765226,28,2790.416374,1.0
-9.923331,50,2791.646418,0.0
-1.001798,11,2791.851444,1.0
-8.556014,50,2792.801601,0.0
-16.154585,50,2793.764501,0.0
-11.986406,50,2794.936891,0.0
-14.868965,50,2795.940169,0.0
-9.982982,50,2803.044127,0.0
-21.496273,50,2804.429548,0.0
-0.149887,4,2804.533179,1.0
-1.026979,10,2804.804062,1.0
-11.552531,50,2806.044805,0.0
-10.058402,50,2807.789044,0.0
-1.965731,17,2808.244694,1.0
-13.885391,46,2809.578382,1.0
-3.913788,45,2811.255741,1.0
-2.364731,27,2811.813411,1.0
-7.112058,50,2812.951365,0.0
-1.004453,11,2813.220048,1.0
-7.744219,50,2814.28745,0.0
-13.161841,50,2815.218485,0.0
-15.399693,50,2822.175329,0.0
-15.335732,50,2823.401963,0.0
-1.026619,20,2823.879251,1.0
-11.76413,50,2825.262224,0.0
-7.165714,50,2826.227167,0.0
-8.183358,50,2827.202192,0.0
-2.707921,50,2828.21138,0.0
-16.584105,50,2829.451428,0.0
-7.561562,50,2830.424004,0.0
-1.357715,42,2831.244867,1.0
-2.82269,50,2832.199894,0.0
-3.743398,21,2838.373614,1.0
-2.402195,50,2839.582282,0.0
-7.291284,50,2840.95575,0.0
-2.603037,13,2841.241501,1.0
-2.401211,16,2841.640485,1.0
-3.502667,29,2842.485809,1.0
-0.749475,28,2843.204712,1.0
-10.229747,50,2844.223018,0.0
-3.63927,18,2844.56908,1.0
-2.414478,50,2845.52497,0.0
-4.876748,50,2846.737823,0.0
-9.600194,50,2847.743722,0.0
-16.605666,50,2848.717976,0.0
-2.415107,19,2849.138031,1.0
-11.333377,50,2856.884635,0.0
-1.63195,32,2857.493424,1.0
-2.227812,24,2857.951673,1.0
-0.943026,16,2858.262214,1.0
-4.291591,50,2859.302444,0.0
-5.97847,50,2860.449028,0.0
-20.386293,50,2861.464758,0.0
-2.642411,27,2861.972914,1.0
-13.447824,50,2863.26159,0.0
-0.837347,33,2863.891681,1.0
-2.425197,50,2864.862335,0.0
-3.895401,50,2865.950159,0.0
-7.243298,50,2867.174088,0.0
-1.375095,12,2873.063749,1.0
-13.733385,50,2874.20014,0.0
-2.121526,20,2874.596187,1.0
-15.453694,50,2875.575488,0.0
-1.068225,21,2876.170568,1.0
-1.527383,41,2877.379172,1.0
-2.819072,50,2878.362413,0.0
-0.757552,10,2878.544151,1.0
-7.214125,50,2879.482305,0.0
-3.533322,35,2880.155221,1.0
-2.622716,50,2881.328295,0.0
-5.71203,50,2882.439791,0.0
-14.627572,50,2883.706943,0.0
-0.758296,14,2883.994706,1.0
-9.873872,50,2890.774117,0.0
-9.980949,50,2892.032795,0.0
-5.272886,50,2893.376695,0.0
-15.001107,50,2894.766082,0.0
-4.919624,30,2895.666225,1.0
-5.11854,50,2897.506713,0.0
-1.588141,50,2898.687524,0.0
-9.901916,50,2899.810209,0.0
-10.077244,50,2900.757094,0.0
-1.349385,50,2902.198539,0.0
-2.843858,17,2902.58345,1.0
-12.597442,50,2909.278213,0.0
-5.438538,27,2909.83256,1.0
-3.514955,32,2910.476079,1.0
-1.691992,50,2911.442543,0.0
-1.36883,14,2911.716605,1.0
-11.777564,50,2912.677544,0.0
-6.413295,38,2913.471054,1.0
-14.013815,50,2914.655349,0.0
-14.036097,50,2915.673096,0.0
-1.868003,50,2916.761899,0.0
-1.521262,17,2917.089239,1.0
-7.397385,50,2918.074753,0.0
-2.087487,32,2918.702182,1.0
-12.504116,50,2925.353787,0.0
-3.267573,50,2926.290467,0.0
-2.79399,18,2926.62904,1.0
-1.461555,41,2927.442134,1.0
-2.24034,21,2927.855504,1.0
-14.948299,50,2928.811784,0.0
-0.224674,5,2928.906049,1.0
-9.284306,50,2930.145685,0.0
-0.785763,21,2930.645441,1.0
-4.7831,50,2931.668257,0.0
-2.328327,15,2931.976904,1.0
-4.983695,50,2933.185963,0.0
-11.057918,50,2934.382278,0.0
-4.3405,50,2936.297256,0.0
-10.634525,50,2943.249681,0.0
-6.078897,50,2944.44363,0.0
-21.10402,50,2945.606581,0.0
-13.622195,50,2946.62857,0.0
-13.104618,50,2947.661792,0.0
-12.783506,50,2948.691525,0.0
-1.990855,43,2949.580127,1.0
-9.613866,50,2950.602316,0.0
-24.945948,50,2951.781649,0.0
-1.689999,20,2952.272618,1.0
-9.219071,50,2953.435266,0.0
-4.658117,50,2960.462775,0.0
-5.858033,50,2961.718915,0.0
-1.870292,50,2962.87165,0.0
-4.386766,50,2963.972434,0.0
-5.03433,50,2965.002377,0.0
-18.18328,50,2966.385019,0.0
-4.440474,50,2967.351025,0.0
-4.722239,30,2968.046632,1.0
-1.875526,50,2969.094177,0.0
-6.761532,50,2970.069327,0.0
-2.904504,11,2970.271472,1.0
-2.912053,16,2970.576501,1.0
-7.089808,50,2977.343937,0.0
-1.864765,50,2978.459439,0.0
-1.415664,21,2978.871267,1.0
-10.86389,50,2979.848437,0.0
-0.395029,10,2980.129652,1.0
-14.323253,50,2982.437841,0.0
-6.728669,50,2983.68689,0.0
-3.606479,42,2984.736629,1.0
-14.510577,50,2985.720002,0.0
-6.317122,50,2986.716952,0.0
-23.013692,50,2987.96718,0.0
-13.531742,50,2989.373196,0.0
-7.637144,50,2996.249514,0.0
-1.151605,13,2996.51079,1.0
-13.316281,50,2997.497865,0.0
-11.98228,50,2998.444206,0.0
-2.09948,50,2999.427569,0.0
-5.05913,50,3000.437703,0.0
-2.855936,20,3000.91464,1.0
-14.82274,50,3002.19171,0.0
-15.04106,50,3003.270213,0.0
-5.368795,50,3004.27691,0.0
-1.589444,22,3004.707145,1.0
-5.421239,50,3005.780757,0.0
-2.178152,50,3012.693605,0.0
-1.510077,50,3013.704699,0.0
-12.068725,50,3014.713631,0.0
-4.54673,50,3015.936715,0.0
-3.402846,50,3017.11086,0.0
-3.363616,50,3018.197966,0.0
-3.824234,50,3019.373775,0.0
-12.108133,50,3020.410645,0.0
-4.096005,15,3020.798216,1.0
-6.828613,50,3022.833688,0.0
-5.5852,36,3023.577132,1.0
-8.477302,50,3030.382723,0.0
-7.567878,50,3031.555693,0.0
-7.533546,50,3032.828847,0.0
-3.933743,50,3033.94353,0.0
-18.894797,50,3035.178572,0.0
-6.347448,50,3036.611703,0.0
-14.570545,50,3037.70956,0.0
-3.148389,50,3038.754345,0.0
-0.875184,21,3039.151823,1.0
-8.433643,50,3040.346777,0.0
-3.6234,50,3041.708128,0.0
-14.639027,50,3048.554858,0.0
-2.307965,50,3049.660238,0.0
-0.859542,7,3049.796753,1.0
-1.576202,38,3050.537263,1.0
-12.915081,50,3051.575018,0.0
-11.181258,50,3052.870892,0.0
-15.640892,50,3054.436356,0.0
-2.644053,18,3054.777568,1.0
-6.203007,50,3055.721923,0.0
-0.905378,16,3056.071289,1.0
-10.185852,50,3057.296255,0.0
-13.309142,50,3058.287554,0.0
-1.558001,15,3058.579765,1.0
-10.939962,50,3065.30334,0.0
-7.465188,50,3066.797137,0.0
-16.943782,50,3067.832431,0.0
-0.482481,14,3069.251905,1.0
-3.558675,23,3069.804099,1.0
-3.68177,21,3070.310127,1.0
-13.96122,50,3071.296721,0.0
-9.756523,50,3072.363616,0.0
-10.169872,50,3073.411888,0.0
-15.967347,50,3074.713006,0.0
-9.676497,50,3075.827822,0.0
-1.559138,14,3076.137689,1.0
-2.942266,50,3077.421837,0.0
-2.800723,22,3077.935606,1.0
-5.90836,50,3084.758966,0.0
-18.494333,50,3086.512104,0.0
-6.532921,50,3087.813226,0.0
-0.443598,11,3088.094766,1.0
-11.377438,50,3089.418132,0.0
-8.520882,50,3090.874438,0.0
-0.714452,9,3091.152824,1.0
-5.865079,50,3092.308263,0.0
-11.253916,50,3093.451746,0.0
-5.153239,50,3094.487465,0.0
-15.701252,50,3095.653607,0.0
-7.728587,50,3096.647552,0.0
-7.328629,50,3103.54161,0.0
-9.407414,34,3104.460952,1.0
-2.46396,50,3105.657869,0.0
-8.071126,50,3106.81373,0.0
-0.589917,17,3107.191071,1.0
-26.205885,50,3108.277686,0.0
-20.93314,50,3109.483953,0.0
-12.09835,50,3111.383907,0.0
-15.502,50,3112.74182,0.0
-11.355869,50,3113.749623,0.0
-7.633983,50,3114.711031,0.0
-1.894761,40,3121.132979,1.0
-1.108201,18,3121.534441,1.0
-2.189087,50,3122.864962,0.0
-9.325155,50,3124.110741,0.0
-0.824158,15,3124.48722,1.0
-0.4249,6,3124.638169,1.0
-12.562553,50,3125.719279,0.0
-6.534305,50,3126.680443,0.0
-9.439994,50,3127.665966,0.0
-8.901007,50,3128.692805,0.0
-1.84657,35,3129.401287,1.0
-4.434338,50,3130.800467,0.0
-0.902391,19,3131.361098,1.0
-1.306142,24,3131.916298,1.0
-10.919762,50,3138.687299,0.0
-9.003409,50,3140.082485,0.0
-3.31147,30,3140.761761,1.0
-13.904486,50,3141.986906,0.0
-1.008957,22,3142.516562,1.0
-2.282057,19,3143.066583,1.0
-3.760692,50,3144.472842,0.0
-15.029907,50,3145.900029,0.0
-7.604231,50,3147.040563,0.0
-4.640934,21,3147.47302,1.0
-13.894499,50,3148.732484,0.0
-15.36798,50,3149.716224,0.0
-0.53735,11,3149.929477,1.0
-10.157023,50,3156.527094,0.0
-4.832312,50,3158.076553,0.0
-6.210999,50,3159.17638,0.0
-0.172543,6,3159.31876,1.0
-11.484511,50,3160.303055,0.0
-6.929282,50,3161.28184,0.0
-10.518361,50,3162.237005,0.0
-0.694074,8,3162.392549,1.0
-3.594727,27,3162.90373,1.0
-11.424954,50,3163.9557,0.0
-10.908947,50,3165.031895,0.0
-7.546095,50,3166.186997,0.0
-2.87176,23,3166.730043,1.0
-15.066792,50,3173.460171,0.0
-10.449797,50,3174.641746,0.0
-3.413968,50,3175.634902,0.0
-6.94414,50,3176.584085,0.0
-1.886347,43,3177.532316,1.0
-13.684116,50,3178.846339,0.0
-17.971325,50,3179.859288,0.0
-20.822174,50,3181.258234,0.0
-13.964856,50,3182.22627,0.0
-8.460348,50,3183.329041,0.0
-7.235402,50,3190.449583,0.0
-1.226488,13,3190.778164,1.0
-9.439219,50,3191.998699,0.0
-5.186642,25,3192.64052,1.0
-9.432858,50,3193.876146,0.0
-18.80041,50,3195.144712,0.0
-14.95226,50,3196.355394,0.0
-4.077898,35,3197.165145,1.0
-1.937887,9,3198.248429,1.0
-1.838313,15,3198.624955,1.0
-12.72683,50,3199.857372,0.0
-4.302273,27,3200.574491,1.0
-10.339198,50,3201.654175,0.0
-11.870326,50,3202.733994,0.0
-14.57301,50,3209.77093,0.0
-11.596591,50,3210.817291,0.0
-0.457236,7,3210.982597,1.0
-6.923031,50,3212.160401,0.0
-0.662101,13,3212.501966,1.0
-2.098331,15,3212.891771,1.0
-4.745462,25,3213.443775,1.0
-12.107679,50,3214.40195,0.0
-2.391152,40,3215.16623,1.0
-2.005289,11,3215.378141,1.0
-3.477854,21,3215.7805,1.0
-4.966716,50,3216.787699,0.0
-6.329514,50,3217.757089,0.0
-11.57272,50,3219.115247,0.0
-12.654157,50,3220.275193,0.0
-10.050721,50,3227.244517,0.0
-1.808472,11,3227.573771,1.0
-13.229935,50,3228.775131,0.0
-1.447269,21,3229.199727,1.0
-4.410204,50,3230.159045,0.0
-1.915696,18,3230.499706,1.0
-2.07442,25,3231.01235,1.0
-14.608821,50,3232.304666,0.0
-2.221736,18,3232.669282,1.0
-14.928744,50,3233.644645,0.0
-12.697858,50,3234.604509,0.0
-2.186873,50,3235.587991,0.0
-11.04558,50,3236.591161,0.0
-14.195824,50,3244.051883,0.0
-6.879874,50,3245.01086,0.0
-6.042366,50,3245.972892,0.0
-4.578088,50,3246.964973,0.0
-7.598626,50,3248.277587,0.0
-5.943182,50,3249.301482,0.0
-4.461749,50,3250.536881,0.0
-2.806039,32,3251.415232,1.0
-8.227746,50,3252.455948,0.0
-0.77232,14,3252.728948,1.0
-11.238383,50,3253.863419,0.0
-0.572933,16,3254.172293,1.0
-3.896429,19,3254.542028,1.0
-1.968441,26,3260.788844,1.0
-6.94809,49,3262.001482,1.0
-17.433674,50,3263.059426,0.0
-5.734089,50,3264.27096,0.0
-10.402838,50,3265.515366,0.0
-9.906493,50,3266.906599,0.0
-1.855393,22,3267.380852,1.0
-2.197828,50,3268.450451,0.0
-2.514067,50,3269.508842,0.0
-9.420904,50,3270.642095,0.0
-15.411876,50,3271.626004,0.0
-1.898863,42,3278.179667,1.0
-11.183916,50,3279.15063,0.0
-9.753216,50,3280.330931,0.0
-2.717293,50,3281.440629,0.0
-1.111622,23,3281.911112,1.0
-7.352683,50,3283.911091,0.0
-6.08284,50,3285.118803,0.0
-13.817149,50,3286.083489,0.0
-12.063657,50,3287.306155,0.0
-18.340644,50,3288.49351,0.0
-11.293779,50,3289.587964,0.0
-16.765805,50,3296.391372,0.0
-1.730915,21,3296.829179,1.0
-1.238276,24,3297.326714,1.0
-2.055706,50,3298.649559,0.0
-7.710471,50,3299.901153,0.0
-1.21418,24,3300.379823,1.0
-10.110668,50,3301.788584,0.0
-18.039409,50,3303.098689,0.0
-8.21625,50,3304.386682,0.0
-6.244003,50,3305.949561,0.0
-16.948316,50,3307.750574,0.0
-2.829952,13,3308.108508,1.0
-4.305598,16,3308.502549,1.0
-0.581437,8,3308.701729,1.0
-0.320078,5,3308.840486,1.0
-11.197551,50,3315.775267,0.0
-9.712341,50,3316.789887,0.0
-0.483014,10,3317.029307,1.0
-5.345748,50,3318.295397,0.0
-9.209416,50,3319.554455,0.0
-15.768574,50,3320.822607,0.0
-0.37037,7,3320.971596,1.0
-2.212462,15,3321.327854,1.0
-2.704889,14,3321.658614,1.0
-2.554145,50,3323.163825,0.0
-8.859598,50,3324.226089,0.0
-6.677591,44,3325.121463,1.0
-18.259109,50,3327.251099,0.0
-3.921645,18,3327.601211,1.0
-1.137497,7,3327.734066,1.0
-1.242325,10,3327.928969,1.0
-13.986068,50,3334.685109,0.0
-0.365377,9,3334.963735,1.0
-1.44076,16,3335.501406,1.0
-14.727206,50,3336.829815,0.0
-3.945019,50,3338.210544,0.0
-13.964427,50,3339.592532,0.0
-1.37972,23,3340.1134,1.0
-11.684833,50,3341.393244,0.0
-3.688404,50,3342.502718,0.0
-7.499495,50,3343.447787,0.0
-6.291999,50,3344.424191,0.0
-9.720949,50,3345.422497,0.0
-12.939794,50,3352.110348,0.0
-2.167508,17,3352.440635,1.0
-4.789693,50,3353.408106,0.0
-6.126998,50,3354.380923,0.0
-13.57073,50,3355.337985,0.0
-13.381887,50,3356.394238,0.0
-4.227362,50,3357.639483,0.0
-3.504691,19,3358.059307,1.0
-20.868716,50,3359.531678,0.0
-3.447138,41,3360.911402,1.0
-1.196584,17,3361.373341,1.0
-15.097661,50,3362.692606,0.0
-9.813647,50,3369.515121,0.0
-5.63736,20,3369.89651,1.0
-1.008327,21,3370.419219,1.0
-0.656583,25,3371.107259,1.0
-5.228409,50,3372.42077,0.0
-3.887547,50,3374.224114,0.0
-19.383799,50,3375.790721,0.0
-11.334353,50,3376.800767,0.0
-12.860593,50,3377.781557,0.0
-13.45957,50,3378.898249,0.0
-5.776753,50,3379.986615,0.0
-4.411384,32,3380.674933,1.0
-19.927282,50,3381.875806,0.0
-9.971646,50,3388.768413,0.0
-0.388605,5,3388.865062,1.0
-4.685138,17,3389.185186,1.0
-2.180563,14,3389.454351,1.0
-12.257941,50,3390.595529,0.0
-13.093559,50,3391.600564,0.0
-0.835685,17,3391.980606,1.0
-5.182869,50,3393.119964,0.0
-7.202591,50,3394.067229,0.0
-1.823042,50,3395.04865,0.0
-16.05258,50,3396.362791,0.0
-8.637357,33,3397.040248,1.0
-13.475912,50,3398.12564,0.0
-11.048754,50,3404.887455,0.0
-1.132551,44,3405.748272,1.0
-15.80562,50,3407.154385,0.0
-1.03902,22,3407.809783,1.0
-14.753059,50,3408.790711,0.0
-13.275183,50,3409.770011,0.0
-5.855887,50,3410.733712,0.0
-13.514668,50,3411.992964,0.0
-16.714825,50,3413.058758,0.0
-1.234928,13,3414.174468,1.0
-1.859618,25,3414.94818,1.0
-16.587099,50,3416.132522,0.0
-9.84097,50,3423.003735,0.0
-3.483364,40,3424.165704,1.0
-16.4659,50,3425.350837,0.0
-1.142876,30,3425.988468,1.0
-0.27208,7,3426.151924,1.0
-1.588396,14,3426.521013,1.0
-9.958042,50,3427.655001,0.0
-11.873242,50,3428.673857,0.0
-15.275408,50,3429.827804,0.0
-9.000956,50,3431.36568,0.0
-3.890847,50,3432.458925,0.0
-13.80399,50,3433.430966,0.0
-13.763194,50,3434.655109,0.0
-0.948886,17,3440.733542,1.0
-2.95535,12,3440.967093,1.0
-0.956218,27,3441.502891,1.0
-16.12068,50,3442.789766,0.0
-5.619598,49,3443.810488,1.0
-14.828916,50,3445.31408,0.0
-0.229194,8,3445.527565,1.0
-2.180287,34,3446.288373,1.0
-9.293672,50,3447.472641,0.0
-0.939673,7,3447.650347,1.0
-1.267155,10,3447.893798,1.0
-1.687346,14,3448.243285,1.0
-1.557813,16,3448.590349,1.0
-14.895065,50,3449.727653,0.0
-15.108019,50,3451.359415,0.0
-7.685101,50,3452.379852,0.0
-5.344356,50,3459.028696,0.0
-8.444293,50,3460.609188,0.0
-2.011406,37,3461.858493,1.0
-0.730271,17,3462.326905,1.0
-3.814668,50,3463.712888,0.0
-1.201683,10,3463.943101,1.0
-9.436372,50,3465.034671,0.0
-10.329115,50,3465.997738,0.0
-6.800145,50,3467.203967,0.0
-6.084487,50,3468.269915,0.0
-4.443122,19,3468.647231,1.0
-10.305471,50,3469.748002,0.0
-9.588035,50,3470.934589,0.0
-3.970858,17,3476.981458,1.0
-12.283369,50,3477.952701,0.0
-8.669913,50,3478.921154,0.0
-3.792087,48,3479.874358,1.0
-1.979402,24,3480.338225,1.0
-2.622998,27,3480.867263,1.0
-1.628906,19,3481.246022,1.0
-2.134549,25,3481.728133,1.0
-14.854896,50,3483.489132,0.0
-9.298323,50,3484.658891,0.0
-0.460598,8,3484.853756,1.0
-5.45586,50,3485.940693,0.0
-1.912452,50,3486.993811,0.0
-11.522153,50,3488.228092,0.0
-3.669116,29,3494.483166,1.0
-0.774878,18,3494.823511,1.0
-3.384316,32,3495.42671,1.0
-4.739243,50,3496.455651,0.0
-0.436623,8,3496.636696,1.0
-3.662631,23,3497.184734,1.0
-18.114354,50,3498.252746,0.0
-5.12195,50,3499.247108,0.0
-7.826841,50,3500.353643,0.0
-3.711252,43,3501.690453,1.0
-8.079543,50,3502.668063,0.0
-1.27355,16,3502.98571,1.0
-17.746004,50,3503.964799,0.0
-7.967242,50,3510.918428,0.0
-0.745065,19,3511.399466,1.0
-6.399708,50,3512.497479,0.0
-0.99607,13,3512.754277,1.0
-2.815866,50,3513.729322,0.0
-17.376559,50,3514.680117,0.0
-2.800724,16,3514.986214,1.0
-0.658721,12,3515.223787,1.0
-4.009484,50,3516.285759,0.0
-3.573704,23,3516.833218,1.0
-0.871184,16,3517.169255,1.0
-6.505992,49,3518.384281,1.0
-2.180374,15,3518.75458,1.0
-9.662584,50,3519.980496,0.0
-3.498002,50,3521.281221,0.0
-2.264626,23,3521.878329,1.0
-1.084279,10,3522.078089,1.0
-6.796762,50,3528.961578,0.0
-1.0446,22,3529.503115,1.0
-9.033185,50,3530.589311,0.0
-10.027292,50,3531.654154,0.0
-4.520767,50,3532.672271,0.0
-22.848436,50,3533.916878,0.0
-3.757078,17,3534.242676,1.0
-2.298449,14,3534.573746,1.0
-2.561833,14,3534.915316,1.0
-3.620974,50,3536.040123,0.0
-2.909546,18,3536.472605,1.0
-4.380942,50,3537.562184,0.0
-5.731024,50,3538.611716,0.0
-14.285653,50,3545.60073,0.0
-2.562091,27,3546.144295,1.0
-15.512066,50,3548.044483,0.0
-3.121558,19,3548.52965,1.0
-12.311861,50,3549.823419,0.0
-9.139783,50,3550.799743,0.0
-1.077045,11,3551.015565,1.0
-7.268393,50,3552.190777,0.0
-2.174786,11,3552.487113,1.0
-0.991015,20,3552.973619,1.0
-1.045467,8,3553.161981,1.0
-0.264858,8,3553.391916,1.0
-0.507776,9,3553.681979,1.0
-1.698971,42,3554.777343,1.0
-5.099591,34,3555.710829,1.0
-3.72475,15,3556.108028,1.0
-3.126764,22,3556.587865,1.0
-1.014031,15,3556.976597,1.0
-13.757705,50,3558.193645,0.0
-8.046202,50,3565.17663,0.0
-0.399113,11,3565.444792,1.0
-0.998717,43,3566.644652,1.0
-1.847833,13,3566.893228,1.0
-15.406858,50,3568.122024,0.0
-0.630101,15,3568.42265,1.0
-9.258946,50,3569.400716,0.0
-7.329786,50,3570.532256,0.0
-1.894065,19,3571.028064,1.0
-3.718848,50,3572.250432,0.0
-1.627212,13,3572.566468,1.0
-9.600894,50,3573.768348,0.0
-0.414906,8,3573.923163,1.0
-15.057904,50,3575.117162,0.0
-2.227579,22,3575.571699,1.0
-1.395628,16,3575.981085,1.0
-3.89786,24,3582.382395,1.0
-10.647176,50,3583.633485,0.0
-2.4778,16,3584.082317,1.0
-16.253924,50,3585.728864,0.0
-0.232072,9,3585.944871,1.0
-2.520247,40,3586.806217,1.0
-0.641398,9,3587.025979,1.0
-1.231509,18,3587.529449,1.0
-14.007587,50,3588.649786,0.0
-8.116071,50,3590.898086,0.0
-7.846242,50,3591.896124,0.0
-6.152969,50,3592.939358,0.0
-3.991011,13,3593.251602,1.0
-2.72203,19,3593.711423,1.0
-4.335893,50,3594.788682,0.0
-12.316167,50,3601.782892,0.0
-15.406317,50,3603.301715,0.0
-3.199131,18,3603.820429,1.0
-1.142087,10,3604.077597,1.0
-14.058283,50,3605.131106,0.0
-4.017891,17,3605.496393,1.0
-1.26017,17,3605.933325,1.0
-17.785312,50,3607.406609,0.0
-3.185051,50,3608.542485,0.0
-0.746952,29,3609.229213,1.0
-3.452137,50,3610.773209,0.0
-3.062808,34,3611.541677,1.0
-1.204944,9,3611.715138,1.0
-0.268235,5,3611.817038,1.0
-1.865214,50,3612.830325,0.0
-5.109778,20,3613.311164,1.0
-16.898035,50,3620.425522,0.0
-0.842492,14,3620.694416,1.0
-4.275718,22,3621.12875,1.0
-9.833864,50,3622.195013,0.0
-5.388325,50,3623.290261,0.0
-10.766805,50,3624.378864,0.0
-2.119947,26,3625.006576,1.0
-12.149149,50,3626.008906,0.0
-6.782778,50,3626.976132,0.0
-15.930907,50,3628.059094,0.0
-14.496856,50,3629.149632,0.0
-11.252872,50,3630.129891,0.0
-2.153424,15,3631.011515,1.0
-1.610852,22,3637.310633,1.0
-8.342056,50,3638.800975,0.0
-4.668302,50,3639.775866,0.0
-2.243026,20,3640.171669,1.0
-1.489731,12,3640.459716,1.0
-15.648786,50,3641.579303,0.0
-1.287523,14,3641.838387,1.0
-3.062441,50,3642.798048,0.0
-1.8856,19,3643.205978,1.0
-2.633322,50,3644.35848,0.0
-5.747563,50,3645.514051,0.0
-1.132931,25,3645.999804,1.0
-2.045878,13,3646.25647,1.0
-5.258757,50,3647.752652,0.0
-14.785135,50,3648.829071,0.0
-18.878482,50,3655.570934,0.0
-2.449819,15,3655.858582,1.0
-23.083641,50,3657.148546,0.0
-2.892699,24,3657.703472,1.0
-5.226307,50,3658.809127,0.0
-12.215232,50,3660.193444,0.0
-7.68897,50,3661.322963,0.0
-2.441192,17,3661.654814,1.0
-15.492763,50,3662.884494,0.0
-4.875488,33,3663.539154,1.0
-33.774446,50,3664.571541,0.0
-1.815593,15,3664.877098,1.0
-3.41854,36,3665.597079,1.0
-9.565858,50,3672.300593,0.0
-14.813499,50,3673.283251,0.0
-1.306842,21,3673.69521,1.0
-5.256091,50,3674.846986,0.0
-2.117228,40,3675.819461,1.0
-15.885857,50,3678.172205,0.0
-13.595875,50,3679.279184,0.0
-12.556213,50,3680.715586,0.0
-1.049545,18,3681.068646,1.0
-1.02863,12,3681.294901,1.0
-11.677749,50,3682.27118,0.0
-1.383251,18,3682.717256,1.0
-7.962819,50,3683.84597,0.0
-7.442545,33,3690.298647,1.0
-5.642661,50,3691.431949,0.0
-1.905597,50,3692.461382,0.0
-1.649729,10,3692.670018,1.0
-6.507797,50,3693.858609,0.0
-15.152201,50,3695.103858,0.0
-4.780252,50,3696.09876,0.0
-3.760447,50,3697.442811,0.0
-7.436941,50,3698.571356,0.0
-12.357961,50,3699.632204,0.0
-5.358095,34,3700.562098,1.0
-15.329573,50,3701.918718,0.0
-12.402013,50,3708.648154,0.0
-2.02621,22,3709.174945,1.0
-0.945363,13,3709.483284,1.0
-1.965761,50,3710.528007,0.0
-15.196713,50,3711.517072,0.0
-10.099009,50,3712.672763,0.0
-12.393909,50,3714.358911,0.0
-2.993869,50,3715.441721,0.0
-9.276014,50,3716.585433,0.0
-9.292328,50,3717.713487,0.0
-10.55157,50,3719.423856,0.0
-2.273478,12,3719.661094,1.0
-2.745046,20,3720.059057,1.0
-1.566402,15,3726.093935,1.0
-6.659856,50,3727.295448,0.0
-15.341169,50,3728.710066,0.0
-9.992629,50,3729.801962,0.0
-1.868326,14,3730.189018,1.0
-1.554872,8,3730.381003,1.0
-1.394771,11,3730.688442,1.0
-10.970513,50,3731.925072,0.0
-1.445241,28,3732.491693,1.0
-7.00471,50,3733.799642,0.0
-0.776801,28,3734.733218,1.0
-0.668401,21,3735.376507,1.0
-1.807008,11,3735.652741,1.0
-2.166388,20,3736.04209,1.0
-5.285806,50,3737.208732,0.0
-1.248117,36,3738.13174,1.0
-3.569563,21,3738.589983,1.0
-10.410076,50,3745.797421,0.0
-5.348218,50,3746.791494,0.0
-15.08996,50,3748.188873,0.0
-1.02895,11,3748.477111,1.0
-10.786056,50,3749.62173,0.0
-4.511656,28,3750.232752,1.0
-12.260247,50,3751.427351,0.0
-12.67459,50,3752.884084,0.0
-0.871055,13,3753.29033,1.0
-3.446848,20,3753.911355,1.0
-6.077649,50,3755.157635,0.0
-3.119999,18,3755.576095,1.0
-11.438401,50,3756.638235,0.0
-0.838074,20,3757.031531,1.0
-13.75094,50,3763.817507,0.0
-5.096115,50,3764.993165,0.0
-1.252026,19,3765.510633,1.0
-8.189769,50,3767.090056,0.0
-14.353633,50,3768.199966,0.0
-12.879497,50,3769.361018,0.0
-14.241097,50,3770.77083,0.0
-7.954737,50,3771.738751,0.0
-14.632478,50,3772.816734,0.0
-2.919043,24,3773.272618,1.0
-11.222956,50,3774.277146,0.0
-11.421648,50,3780.947916,0.0
-14.676173,50,3782.024838,0.0
-4.25248,30,3782.705786,1.0
-4.216829,13,3782.962279,1.0
-16.185972,50,3784.576108,0.0
-3.824948,50,3785.657756,0.0
-3.155967,17,3786.000376,1.0
-11.258061,50,3786.983136,0.0
-1.172386,17,3787.335297,1.0
-2.679948,21,3787.746673,1.0
-2.752928,22,3788.162503,1.0
-12.855196,50,3789.377124,0.0
-10.676445,50,3790.575838,0.0
-13.290291,50,3791.594063,0.0
-19.675665,50,3798.304873,0.0
-19.522312,50,3799.547,0.0
-7.496344,50,3800.545042,0.0
-0.663799,26,3801.110393,1.0
-14.360303,50,3802.074758,0.0
-0.545825,8,3802.227835,1.0
-7.915407,50,3803.495257,0.0
-1.078063,20,3804.044864,1.0
-15.279079,50,3805.209412,0.0
-9.271997,50,3806.647407,0.0
-13.741798,50,3807.802312,0.0
-0.280068,8,3808.101456,1.0
-15.855603,50,3809.909792,0.0
-10.94337,50,3816.92931,0.0
-4.318976,36,3817.767133,1.0
-9.900756,50,3818.90406,0.0
-6.884538,46,3819.936426,1.0
-5.441483,50,3821.026768,0.0
-1.786355,25,3821.498233,1.0
-3.09887,50,3822.500448,0.0
-2.840668,17,3822.856249,1.0
-5.309622,50,3824.207406,0.0
-0.261744,5,3824.32448,1.0
-10.918869,50,3825.351623,0.0
-4.828771,50,3826.534228,0.0
-3.167958,20,3827.102128,1.0
-1.683956,12,3827.416968,1.0
-19.129312,50,3834.538247,0.0
-2.766078,16,3834.964099,1.0
-14.950564,50,3836.154049,0.0
-2.542174,31,3836.918994,1.0
-7.416789,50,3838.053425,0.0
-0.319925,9,3838.324673,1.0
-4.00962,50,3839.635075,0.0
-1.634107,10,3839.855228,1.0
-6.928609,50,3840.872545,0.0
-12.282128,50,3841.853431,0.0
-5.728485,22,3842.281241,1.0
-11.438418,50,3843.248486,0.0
-5.998449,20,3843.644834,1.0
-7.457113,50,3844.652293,0.0
-1.496498,21,3845.081615,1.0
-6.050752,50,3851.779885,0.0
-20.346499,50,3854.021861,0.0
-7.329763,50,3855.002272,0.0
-17.452148,50,3855.982272,0.0
-14.071748,50,3857.014572,0.0
-7.073484,50,3857.980515,0.0
-14.977684,50,3858.966915,0.0
-1.271717,11,3859.180633,1.0
-18.598925,50,3860.537469,0.0
-4.022066,50,3861.654783,0.0
-0.958125,14,3861.93027,1.0
-7.91567,50,3868.81081,0.0
-8.798973,50,3869.851846,0.0
-9.230565,50,3870.881257,0.0
-3.80967,50,3872.346696,0.0
-6.390345,50,3873.688158,0.0
-3.164362,18,3874.156725,1.0
-2.22211,24,3874.693147,1.0
-4.653101,50,3875.856216,0.0
-1.212533,33,3876.59082,1.0
-10.84828,50,3877.5773,0.0
-3.276294,14,3877.85343,1.0
-3.079193,50,3878.904937,0.0
-10.741896,50,3880.074217,0.0
-0.267152,6,3880.236804,1.0
-19.867491,50,3887.03882,0.0
-2.649617,17,3887.413439,1.0
-0.916429,11,3887.647343,1.0
-15.81123,50,3888.625062,0.0
-1.867061,12,3888.852441,1.0
-3.606792,50,3890.123665,0.0
-2.047046,50,3891.151995,0.0
-12.759927,50,3892.602785,0.0
-4.533512,25,3893.166516,1.0
-1.88069,10,3894.125454,1.0
-1.720581,33,3894.754392,1.0
-3.409656,50,3895.919137,0.0
-4.807157,50,3896.938249,0.0
-15.706397,50,3898.169968,0.0
-13.754821,50,3904.910383,0.0
-12.695351,50,3906.261011,0.0
-10.215619,50,3907.385929,0.0
-11.024559,50,3908.629004,0.0
-4.169339,50,3910.111785,0.0
-3.084016,50,3911.400487,0.0
-11.316282,50,3912.620169,0.0
-1.185901,14,3912.978518,1.0
-13.096078,50,3914.008369,0.0
-6.112377,50,3915.171671,0.0
-10.173382,50,3916.56974,0.0
-7.495333,50,3923.36413,0.0
-1.099117,40,3924.353418,1.0
-3.408333,19,3924.766635,1.0
-9.219564,50,3925.730013,0.0
-1.98393,21,3926.141454,1.0
-6.882186,28,3926.767912,1.0
-2.955898,13,3927.171753,1.0
-2.764711,50,3928.469414,0.0
-0.754869,10,3928.662384,1.0
-11.359671,50,3929.642345,0.0
-1.335338,10,3929.833189,1.0
-1.08459,14,3930.17157,1.0
-16.506371,50,3931.650184,0.0
-6.536827,50,3932.915987,0.0
-5.01199,50,3934.050955,0.0
-1.374376,10,3934.280366,1.0
-3.1804,50,3939.75066,0.0
-0.893115,21,3940.166768,1.0
-1.927091,19,3940.543067,1.0
-3.15101,26,3941.15925,1.0
-2.047229,12,3941.441879,1.0
-1.52043,15,3941.786489,1.0
-6.412371,50,3943.284512,0.0
-14.748044,50,3944.68498,0.0
-2.08529,21,3945.200254,1.0
-10.66184,50,3946.414565,0.0
-1.174947,14,3946.736799,1.0
-9.886536,50,3947.881769,0.0
-3.474382,18,3948.236078,1.0
-3.023624,50,3949.268799,0.0
-14.099009,50,3950.373152,0.0
-15.026874,50,3954.122569,0.0
-16.598681,50,3955.264465,0.0
-14.676445,50,3956.22702,0.0
-11.979554,50,3957.351187,0.0
-11.954026,50,3958.580418,0.0
-0.638089,10,3958.783329,1.0
-1.413683,15,3959.075168,1.0
-1.596262,46,3959.966753,1.0
-9.174651,50,3961.061239,0.0
-8.634094,50,3962.139377,0.0
-4.631,50,3963.168218,0.0
-3.933518,18,3963.636055,1.0
-14.985768,50,3967.11124,0.0
-2.939819,15,3967.410304,1.0
-1.041437,8,3967.5682,1.0
-9.57322,50,3968.63157,0.0
-6.733649,50,3970.168581,0.0
-0.603278,17,3970.703377,1.0
-0.496004,19,3971.186942,1.0
-9.697007,50,3972.413029,0.0
-10.14573,50,3974.171745,0.0
-13.18151,50,3975.302269,0.0
-1.318899,10,3975.577243,1.0
-3.539341,26,3976.361616,1.0
-14.83876,50,3977.588984,0.0
-10.776175,50,3978.689872,0.0
-21.063163,50,3979.983706,0.0
-15.816698,50,3983.636153,0.0
-13.566254,50,3984.626063,0.0
-0.972884,18,3984.987151,1.0
-1.609956,21,3985.395671,1.0
-0.700283,15,3985.740543,1.0
-1.654636,18,3986.135192,1.0
-4.682288,50,3987.151251,0.0
-14.657326,50,3988.367,0.0
-13.079095,50,3989.411012,0.0
-3.613668,50,3990.570254,0.0
-13.642223,50,3992.427672,0.0
-15.265433,50,3993.677097,0.0
-7.033899,50,3994.641649,0.0
-0.845173,36,3997.870188,1.0
-3.895994,50,3998.991226,0.0
-14.99214,50,3999.991695,0.0
-13.629702,50,4001.124515,0.0
-3.144104,31,4001.847527,1.0
-14.339811,50,4002.910877,0.0
-0.231031,5,4003.042704,1.0
-3.497106,15,4003.46377,1.0
-1.844273,19,4004.072935,1.0
-6.151659,50,4005.198086,0.0
-12.444312,50,4006.157742,0.0
-2.931463,50,4007.138363,0.0
-5.645671,50,4008.870908,0.0
-9.421655,50,4012.459801,0.0
-6.415779,50,4013.430734,0.0
-3.038691,50,4014.658189,0.0
-3.293565,50,4015.841603,0.0
-7.206083,33,4016.495855,1.0
-2.860391,15,4016.781952,1.0
-3.171808,36,4017.545193,1.0
-2.088899,50,4018.907744,0.0
-0.282635,8,4019.11603,1.0
-3.342423,15,4019.487507,1.0
-4.01393,26,4020.185201,1.0
-0.805769,16,4020.541617,1.0
-1.214188,9,4020.725515,1.0
-0.858843,16,4021.046513,1.0
-5.461811,21,4021.455463,1.0
-10.242204,50,4022.502542,0.0
-1.374018,10,4022.743795,1.0
-15.391738,50,4026.259278,0.0
-8.63526,50,4027.240377,0.0
-15.335283,50,4028.484923,0.0
-14.641023,50,4029.447409,0.0
-4.717356,50,4030.602605,0.0
-15.609256,50,4031.973318,0.0
-17.847774,50,4033.425905,0.0
-3.43594,30,4034.144532,1.0
-2.454709,50,4035.432219,0.0
-3.836303,50,4036.669076,0.0
-14.860082,50,4040.260196,0.0
-8.984815,50,4041.322605,0.0
-4.324713,39,4042.274806,1.0
-3.365187,50,4043.292686,0.0
-12.817083,50,4044.452691,0.0
-1.582325,15,4045.667039,1.0
-23.545362,50,4046.88081,0.0
-0.699158,30,4047.460948,1.0
-15.950979,50,4048.519811,0.0
-4.853083,20,4048.931441,1.0
-11.13066,50,4050.082104,0.0
-1.082438,10,4050.317445,1.0
-3.039321,28,4050.875919,1.0
-25.482223,50,4051.857403,0.0
-6.706273,50,4055.407394,0.0
-8.191454,50,4056.527879,0.0
-0.384442,5,4056.633754,1.0
-15.158474,50,4057.824959,0.0
-4.29601,50,4058.858314,0.0
-12.632519,50,4059.979067,0.0
-2.403098,36,4060.813211,1.0
-11.529649,50,4061.789725,0.0
-6.977204,50,4062.892978,0.0
-15.990068,50,4064.074391,0.0
-6.833077,50,4065.082982,0.0
-5.346306,50,4068.552648,0.0
-10.915705,50,4069.525668,0.0
-14.678965,50,4070.551064,0.0
-10.240082,50,4071.571105,0.0
-2.501399,15,4071.875749,1.0
-14.693506,50,4072.867449,0.0
-8.030565,50,4073.897253,0.0
-5.276503,50,4074.978659,0.0
-7.92866,33,4075.71201,1.0
-6.545355,50,4076.721413,0.0
-12.835975,50,4078.961114,0.0
-2.144493,50,4079.952613,0.0
-7.604297,50,4083.394667,0.0
-4.867591,50,4084.46544,0.0
-6.045357,50,4085.75575,0.0
-3.334617,50,4086.755031,0.0
-7.564544,50,4087.736135,0.0
-3.901046,50,4088.738849,0.0
-22.613007,50,4090.120042,0.0
-1.709221,34,4090.965368,1.0
-12.749822,50,4092.090966,0.0
-1.08567,8,4092.2936,1.0
-23.66306,50,4093.561255,0.0
-4.227073,50,4096.959788,0.0
-13.899427,50,4098.088879,0.0
-0.201687,5,4098.220058,1.0
-0.987404,10,4098.482779,1.0
-5.952007,50,4099.664289,0.0
-8.814881,50,4100.82672,0.0
-0.860666,12,4101.068275,1.0
-9.133638,50,4102.052928,0.0
-3.298058,20,4102.525923,1.0
-0.581151,10,4102.768035,1.0
-5.642846,50,4103.942618,0.0
-9.656691,50,4104.913211,0.0
-7.87734,50,4106.04916,0.0
-10.912794,50,4107.323244,0.0
-0.392222,8,4107.494643,1.0
-1.1463,12,4107.746035,1.0
-1.206802,16,4110.457115,1.0
-0.844243,7,4110.585134,1.0
-12.317518,50,4111.568916,0.0
-4.272269,34,4112.581979,1.0
-2.940801,16,4113.071987,1.0
-0.902006,10,4113.29721,1.0
-11.862468,50,4115.0607,0.0
-8.156153,50,4116.100107,0.0
-60.665278,50,4117.365636,0.0
-8.83387,50,4118.732771,0.0
-2.824462,50,4119.860057,0.0
-6.215938,50,4121.00445,0.0
-3.398293,50,4122.104832,0.0
-1.902892,22,4122.618979,1.0
-14.341047,50,4126.166507,0.0
-11.776793,50,4127.145847,0.0
-2.810325,50,4128.273868,0.0
-6.285902,50,4129.476887,0.0
-14.958768,50,4130.72376,0.0
-14.046153,50,4131.780858,0.0
-2.354871,43,4132.852881,1.0
-11.896468,50,4133.851645,0.0
-5.875475,50,4134.854513,0.0
-12.945348,50,4135.83455,0.0
-2.938778,28,4136.557225,1.0
-5.709712,27,4139.677946,1.0
-7.314407,50,4140.854622,0.0
-0.804468,12,4141.140085,1.0
-13.94235,50,4142.206278,0.0
-0.507562,11,4142.421909,1.0
-16.977644,50,4143.764686,0.0
-2.898721,25,4144.262086,1.0
-2.575191,15,4144.560649,1.0
-5.502799,50,4145.541296,0.0
-2.044719,19,4145.915617,1.0
-11.583852,50,4147.058639,0.0
-1.634409,10,4147.943959,1.0
-3.180393,50,4149.020191,0.0
-1.065446,14,4149.341017,1.0
-9.717224,50,4150.384203,0.0
-0.358601,11,4150.597556,1.0
-2.053473,50,4154.083547,0.0
-0.841478,30,4154.912704,1.0
-8.607186,50,4156.072147,0.0
-15.488494,50,4157.09875,0.0
-6.698639,50,4158.06841,0.0
-1.228415,14,4158.343385,1.0
-4.99204,50,4159.38783,0.0
-16.140881,50,4160.407256,0.0
-1.924631,17,4160.744378,1.0
-14.069883,50,4161.728065,0.0
-12.17015,50,4162.733839,0.0
-0.9076,16,4163.049314,1.0
-20.318625,50,4164.080722,0.0
-1.200438,12,4166.822565,1.0
-9.821551,50,4167.863735,0.0
-16.391223,50,4168.910783,0.0
-0.534614,13,4169.181559,1.0
-21.931633,50,4170.434802,0.0
-16.739051,50,4171.72996,0.0
-15.797081,50,4173.045101,0.0
-11.931893,50,4174.465895,0.0
-3.592341,27,4175.230454,1.0
-1.199789,12,4175.520668,1.0
-3.878152,22,4175.977515,1.0
-9.755514,50,4177.015109,0.0
-8.74234,50,4178.258281,0.0
-2.874235,21,4178.677491,1.0
-3.854876,30,4181.670301,1.0
-0.626231,15,4181.957665,1.0
-1.182709,20,4182.343859,1.0
-2.457914,50,4184.10156,0.0
-1.182993,20,4184.486332,1.0
-4.667513,50,4185.478177,0.0
-4.00548,50,4186.57937,0.0
-2.066469,50,4187.660146,0.0
-4.722704,50,4189.096137,0.0
-9.47133,50,4190.410089,0.0
-18.218723,50,4191.831264,0.0
-8.366697,50,4193.068828,0.0
-2.353814,20,4193.534298,1.0
